1,3,219.15,220.32,27.51,62.425,-1,-1,-1,-1
1,6,49.851,189.59,61.179,138.83,-1,-1,-1,-1
1,13,266.47,132.48,77.281,175.37,-1,-1,-1,-1
2,3,218.41,221.36,27.367,62.102,-1,-1,-1,-1
2,6,42.347,188.2,62.531,141.9,-1,-1,-1,-1
2,13,272.34,151.54,69.023,156.63,-1,-1,-1,-1
3,3,217.64,222.32,27.251,61.84,-1,-1,-1,-1
3,6,34.795,186.77,63.883,144.96,-1,-1,-1,-1
3,13,277.6,167.7,62.047,140.8,-1,-1,-1,-1
4,3,216.79,223.21,27.163,61.64,-1,-1,-1,-1
4,6,27.173,185.32,65.235,148.03,-1,-1,-1,-1
4,13,282.33,181.23,56.24,127.62,-1,-1,-1,-1
5,3,215.85,223.99,27.105,61.508,-1,-1,-1,-1
5,6,19.458,183.89,66.587,151.1,-1,-1,-1,-1
5,13,286.56,192.37,51.49,116.84,-1,-1,-1,-1
6,3,214.77,224.69,27.079,61.448,-1,-1,-1,-1
6,6,11.662,182.52,67.939,154.17,-1,-1,-1,-1
6,13,290.31,201.3,47.694,108.23,-1,-1,-1,-1
7,3,213.55,225.35,27.085,61.463,-1,-1,-1,-1
7,6,3.7897,181.22,69.291,157.24,-1,-1,-1,-1
7,13,293.59,208.22,44.751,101.55,-1,-1,-1,-1
8,3,212.17,225.95,27.126,61.556,-1,-1,-1,-1
8,6,-4.1373,179.94,70.643,160.3,-1,-1,-1,-1
8,13,296.42,213.33,42.565,96.59,-1,-1,-1,-1
9,3,210.65,226.5,27.204,61.732,-1,-1,-1,-1
9,13,298.86,216.81,41.045,93.14,-1,-1,-1,-1
10,3,209.02,227.03,27.319,61.994,-1,-1,-1,-1
10,13,301.01,218.84,40.104,91.004,-1,-1,-1,-1
11,3,207.3,227.5,27.473,62.344,-1,-1,-1,-1
11,13,302.91,219.64,39.659,89.996,-1,-1,-1,-1
12,3,205.49,227.89,27.668,62.786,-1,-1,-1,-1
12,13,304.55,219.42,39.635,89.94,-1,-1,-1,-1
13,3,203.6,228.13,27.905,63.324,-1,-1,-1,-1
13,13,305.91,218.38,39.957,90.671,-1,-1,-1,-1
14,3,201.66,228.22,28.185,63.958,-1,-1,-1,-1
14,10,381.55,49.294,27.434,62.254,-1,-1,-1,-1
14,13,306.99,216.68,40.557,92.034,-1,-1,-1,-1
15,3,199.64,228.16,28.509,64.694,-1,-1,-1,-1
15,10,381.67,47.5,27.332,62.023,-1,-1,-1,-1
15,13,307.84,214.52,41.373,93.884,-1,-1,-1,-1
16,3,197.49,227.96,28.879,65.532,-1,-1,-1,-1
16,10,381.79,45.682,27.23,61.792,-1,-1,-1,-1
16,13,308.49,212.02,42.344,96.089,-1,-1,-1,-1
17,3,195.19,227.61,29.295,66.476,-1,-1,-1,-1
17,10,381.93,43.816,27.128,61.56,-1,-1,-1,-1
17,13,308.97,209.35,43.417,98.523,-1,-1,-1,-1
18,3,192.69,227.09,29.758,67.528,-1,-1,-1,-1
18,10,382.08,41.889,27.026,61.329,-1,-1,-1,-1
18,13,309.32,206.65,44.542,101.08,-1,-1,-1,-1
19,3,190,226.39,30.27,68.69,-1,-1,-1,-1
19,10,382.24,39.915,26.924,61.098,-1,-1,-1,-1
19,13,309.53,204,45.673,103.64,-1,-1,-1,-1
20,3,187.12,225.53,30.831,69.963,-1,-1,-1,-1
20,10,382.39,37.906,26.822,60.866,-1,-1,-1,-1
20,12,82.572,227.41,48.027,108.98,-1,-1,-1,-1
20,13,309.62,201.49,46.77,106.13,-1,-1,-1,-1
21,3,184,224.53,31.443,71.351,-1,-1,-1,-1
21,10,382.53,35.873,26.72,60.635,-1,-1,-1,-1
21,12,70.092,213.42,56.031,127.15,-1,-1,-1,-1
21,13,309.63,199.17,47.797,108.46,-1,-1,-1,-1
22,3,180.63,223.45,32.105,72.854,-1,-1,-1,-1
22,10,382.67,33.84,26.618,60.404,-1,-1,-1,-1
22,12,57.541,199.49,64.034,145.31,-1,-1,-1,-1
22,13,309.61,197.08,48.723,110.56,-1,-1,-1,-1
23,3,176.98,222.36,32.82,74.475,-1,-1,-1,-1
23,10,382.81,31.821,26.516,60.172,-1,-1,-1,-1
23,12,44.883,185.65,72.038,163.47,-1,-1,-1,-1
23,13,309.62,195.28,49.52,112.37,-1,-1,-1,-1
24,3,173.07,221.28,33.586,76.214,-1,-1,-1,-1
24,10,382.93,29.807,26.415,59.941,-1,-1,-1,-1
24,12,32.131,171.86,80.041,181.63,-1,-1,-1,-1
24,13,309.72,193.76,50.167,113.84,-1,-1,-1,-1
25,3,168.93,220.27,34.406,78.074,-1,-1,-1,-1
25,10,383.06,27.787,26.313,59.709,-1,-1,-1,-1
25,12,19.286,158.06,88.045,199.8,-1,-1,-1,-1
25,13,309.94,192.54,50.647,114.93,-1,-1,-1,-1
26,3,164.58,219.36,35.279,80.056,-1,-1,-1,-1
26,12,6.3471,144.24,96.048,217.96,-1,-1,-1,-1
26,13,310.3,191.64,50.945,115.61,-1,-1,-1,-1
27,3,160.1,218.53,36.206,82.16,-1,-1,-1,-1
27,12,-6.6575,130.42,104.05,236.12,-1,-1,-1,-1
27,13,310.81,191.12,51.055,115.86,-1,-1,-1,-1
28,3,155.56,217.8,37.188,84.387,-1,-1,-1,-1
28,13,311.45,191.05,50.972,115.67,-1,-1,-1,-1
29,3,151,217.11,38.225,86.74,-1,-1,-1,-1
29,13,312.18,191.51,50.697,115.04,-1,-1,-1,-1
30,3,146.4,216.46,39.316,89.217,-1,-1,-1,-1
30,13,312.95,192.59,50.235,114,-1,-1,-1,-1
31,3,141.77,215.84,40.464,91.821,-1,-1,-1,-1
31,13,313.65,194.27,49.597,112.55,-1,-1,-1,-1
32,3,137.08,215.22,41.667,94.551,-1,-1,-1,-1
32,13,314.28,196.52,48.798,110.73,-1,-1,-1,-1
33,3,132.27,214.62,42.925,97.408,-1,-1,-1,-1
33,13,314.83,199.25,47.856,108.6,-1,-1,-1,-1
34,3,127.31,214.04,44.24,100.39,-1,-1,-1,-1
34,13,315.29,202.34,46.796,106.19,-1,-1,-1,-1
35,3,122.17,213.48,45.611,103.5,-1,-1,-1,-1
35,5,67.7,211.35,27.901,63.315,-1,-1,-1,-1
35,13,315.7,205.61,45.647,103.58,-1,-1,-1,-1
36,3,116.88,212.83,47.038,106.74,-1,-1,-1,-1
36,5,64.253,209.98,28.448,64.555,-1,-1,-1,-1
36,13,316.1,208.93,44.44,100.85,-1,-1,-1,-1
37,3,111.44,211.99,48.52,110.1,-1,-1,-1,-1
37,5,60.783,208.6,28.994,65.795,-1,-1,-1,-1
37,13,316.5,212.14,43.215,98.065,-1,-1,-1,-1
38,3,105.82,210.93,50.059,113.59,-1,-1,-1,-1
38,4,252.15,181.23,57.479,130.43,-1,-1,-1,-1
38,5,57.296,207.21,29.541,67.035,-1,-1,-1,-1
38,13,316.9,215.13,42.013,95.338,-1,-1,-1,-1
39,3,100,209.66,51.652,117.21,-1,-1,-1,-1
39,4,252.78,181.7,57.161,129.71,-1,-1,-1,-1
39,5,53.77,205.82,30.087,68.275,-1,-1,-1,-1
39,13,317.29,217.84,40.882,92.771,-1,-1,-1,-1
40,3,93.966,208.23,53.302,120.95,-1,-1,-1,-1
40,4,253.3,181.92,56.96,129.26,-1,-1,-1,-1
40,5,50.187,204.4,30.634,69.516,-1,-1,-1,-1
40,13,317.65,220.14,39.872,90.48,-1,-1,-1,-1
41,3,87.623,206.71,55.006,124.82,-1,-1,-1,-1
41,4,253.71,181.9,56.859,129.03,-1,-1,-1,-1
41,5,46.543,202.95,31.18,70.756,-1,-1,-1,-1
41,13,317.99,221.95,39.041,88.594,-1,-1,-1,-1
42,3,80.901,205.18,56.765,128.81,-1,-1,-1,-1
42,4,254.01,181.66,56.843,128.99,-1,-1,-1,-1
42,5,42.831,201.43,31.727,71.996,-1,-1,-1,-1
42,13,318.27,223.13,38.449,87.25,-1,-1,-1,-1
43,3,73.716,203.68,58.578,132.93,-1,-1,-1,-1
43,4,254.23,181.24,56.9,129.12,-1,-1,-1,-1
43,5,39.024,199.87,32.273,73.236,-1,-1,-1,-1
43,13,318.43,223.59,38.161,86.597,-1,-1,-1,-1
44,3,66.036,202.28,60.445,137.16,-1,-1,-1,-1
44,4,254.4,180.7,57.018,129.39,-1,-1,-1,-1
44,5,35.115,198.28,32.82,74.476,-1,-1,-1,-1
44,13,318.43,223.19,38.248,86.793,-1,-1,-1,-1
45,3,57.863,200.98,62.365,141.52,-1,-1,-1,-1
45,4,254.59,180.12,57.184,129.77,-1,-1,-1,-1
45,5,31.1,196.68,33.366,75.716,-1,-1,-1,-1
45,13,318.17,221.77,38.783,88.009,-1,-1,-1,-1
46,3,49.195,199.76,64.337,146,-1,-1,-1,-1
46,4,254.85,179.59,57.39,130.23,-1,-1,-1,-1
46,5,27.016,195.07,33.913,76.956,-1,-1,-1,-1
46,13,317.62,219.17,39.847,90.423,-1,-1,-1,-1
47,3,40.097,198.62,66.362,150.59,-1,-1,-1,-1
47,4,255.24,179.18,57.626,130.77,-1,-1,-1,-1
47,13,316.72,215.23,41.523,94.226,-1,-1,-1,-1
48,3,30.694,197.52,68.438,155.3,-1,-1,-1,-1
48,4,255.83,178.89,57.884,131.35,-1,-1,-1,-1
48,13,315.44,209.74,43.9,99.618,-1,-1,-1,-1
49,3,21.142,196.36,70.564,160.13,-1,-1,-1,-1
49,4,256.68,178.7,58.157,131.97,-1,-1,-1,-1
49,13,313.75,202.5,47.069,106.81,-1,-1,-1,-1
50,4,257.82,178.52,58.44,132.61,-1,-1,-1,-1
50,13,311.62,193.26,51.131,116.03,-1,-1,-1,-1
51,4,259.26,178.31,58.726,133.26,-1,-1,-1,-1
52,4,260.93,178.06,59.01,133.91,-1,-1,-1,-1
53,4,262.76,177.79,59.289,134.54,-1,-1,-1,-1
54,4,264.67,177.48,59.559,135.15,-1,-1,-1,-1
55,4,266.59,177.15,59.817,135.74,-1,-1,-1,-1
56,4,268.47,176.78,60.06,136.29,-1,-1,-1,-1
57,4,270.24,176.37,60.286,136.8,-1,-1,-1,-1
58,4,271.9,176.01,60.494,137.28,-1,-1,-1,-1
59,4,273.43,175.68,60.683,137.7,-1,-1,-1,-1
60,4,274.84,175.37,60.852,138.09,-1,-1,-1,-1
61,4,276.15,175.09,60.999,138.42,-1,-1,-1,-1
62,4,277.42,174.82,61.126,138.71,-1,-1,-1,-1
63,4,278.65,174.58,61.232,138.95,-1,-1,-1,-1
64,4,279.84,174.4,61.316,139.14,-1,-1,-1,-1
65,4,280.96,174.28,61.381,139.29,-1,-1,-1,-1
66,4,281.98,174.24,61.426,139.39,-1,-1,-1,-1
67,4,282.91,174.3,61.451,139.45,-1,-1,-1,-1
68,4,283.79,174.44,61.459,139.46,-1,-1,-1,-1
69,4,284.65,174.66,61.45,139.44,-1,-1,-1,-1
70,4,285.53,174.95,61.425,139.39,-1,-1,-1,-1
71,4,286.41,175.29,61.385,139.3,-1,-1,-1,-1
72,4,287.22,175.66,61.331,139.17,-1,-1,-1,-1
73,4,287.92,176.05,61.266,139.03,-1,-1,-1,-1
74,4,288.5,176.46,61.19,138.85,-1,-1,-1,-1
75,4,288.97,176.89,61.104,138.66,-1,-1,-1,-1
75,17,194.6,219.92,26,59,-1,-1,-1,-1
76,4,289.36,177.31,61.01,138.45,-1,-1,-1,-1
76,17,193.29,219.74,26.079,59.179,-1,-1,-1,-1
77,4,289.68,177.74,60.91,138.22,-1,-1,-1,-1
77,17,191.85,218.99,26.414,59.94,-1,-1,-1,-1
78,4,289.95,178.18,60.804,137.98,-1,-1,-1,-1
78,17,190.42,218.31,26.726,60.646,-1,-1,-1,-1
79,4,290.22,178.64,60.694,137.73,-1,-1,-1,-1
79,17,188.99,217.74,27.016,61.305,-1,-1,-1,-1
80,4,290.53,179.15,60.581,137.47,-1,-1,-1,-1
80,17,187.52,217.28,27.287,61.922,-1,-1,-1,-1
81,4,290.91,179.71,60.467,137.21,-1,-1,-1,-1
81,17,185.97,216.96,27.544,62.503,-1,-1,-1,-1
82,4,291.39,180.31,60.353,136.95,-1,-1,-1,-1
82,17,184.31,216.77,27.787,63.056,-1,-1,-1,-1
83,4,291.93,180.91,60.239,136.7,-1,-1,-1,-1
83,17,182.53,216.65,28.02,63.585,-1,-1,-1,-1
84,4,292.51,181.45,60.128,136.44,-1,-1,-1,-1
84,17,180.64,216.54,28.246,64.098,-1,-1,-1,-1
85,4,293.08,181.83,60.019,136.2,-1,-1,-1,-1
85,17,178.67,216.41,28.468,64.601,-1,-1,-1,-1
86,4,293.64,181.95,59.915,135.96,-1,-1,-1,-1
86,17,176.65,216.18,28.687,65.099,-1,-1,-1,-1
87,4,294.18,181.75,59.815,135.73,-1,-1,-1,-1
87,17,174.59,215.79,28.908,65.599,-1,-1,-1,-1
88,4,294.71,181.23,59.722,135.52,-1,-1,-1,-1
88,17,172.51,215.2,29.132,66.108,-1,-1,-1,-1
89,4,295.25,180.49,59.635,135.33,-1,-1,-1,-1
89,17,170.4,214.44,29.363,66.631,-1,-1,-1,-1
90,4,295.81,179.56,59.556,135.15,-1,-1,-1,-1
90,17,168.28,213.52,29.603,67.176,-1,-1,-1,-1
91,4,296.36,178.48,59.484,134.98,-1,-1,-1,-1
91,17,166.17,212.48,29.854,67.747,-1,-1,-1,-1
92,4,296.92,177.3,59.422,134.84,-1,-1,-1,-1
92,17,164.05,211.34,30.121,68.352,-1,-1,-1,-1
93,4,297.48,176.05,59.368,134.72,-1,-1,-1,-1
93,17,161.91,210.12,30.405,68.996,-1,-1,-1,-1
94,4,298,174.77,59.325,134.62,-1,-1,-1,-1
94,17,159.74,208.86,30.709,69.686,-1,-1,-1,-1
95,4,298.44,173.49,59.291,134.54,-1,-1,-1,-1
95,17,157.51,207.57,31.036,70.428,-1,-1,-1,-1
96,4,298.76,172.27,59.267,134.49,-1,-1,-1,-1
96,16,367.11,186.35,52.903,120.05,-1,-1,-1,-1
96,17,155.19,206.26,31.389,71.229,-1,-1,-1,-1
97,4,298.89,171.17,59.255,134.46,-1,-1,-1,-1
97,16,367.2,187.37,52.648,119.47,-1,-1,-1,-1
97,17,152.71,204.95,31.77,72.094,-1,-1,-1,-1
98,4,298.79,170.21,59.253,134.46,-1,-1,-1,-1
98,16,367.24,188.36,52.429,118.97,-1,-1,-1,-1
98,17,150.01,203.68,32.183,73.03,-1,-1,-1,-1
99,4,298.44,169.43,59.262,134.48,-1,-1,-1,-1
99,16,367.16,189.34,52.245,118.56,-1,-1,-1,-1
99,17,147.03,202.49,32.629,74.043,-1,-1,-1,-1
100,4,297.87,168.86,59.282,134.52,-1,-1,-1,-1
100,16,366.89,190.3,52.097,118.22,-1,-1,-1,-1
100,17,143.73,201.44,33.112,75.139,-1,-1,-1,-1
101,4,297.09,168.45,59.313,134.59,-1,-1,-1,-1
101,16,366.38,191.16,51.983,117.96,-1,-1,-1,-1
101,17,140.04,200.58,33.635,76.325,-1,-1,-1,-1
102,4,296.16,168.19,59.355,134.69,-1,-1,-1,-1
102,16,365.58,191.87,51.905,117.79,-1,-1,-1,-1
102,17,135.94,199.91,34.2,77.606,-1,-1,-1,-1
103,4,295.15,168.06,59.408,134.81,-1,-1,-1,-1
103,16,364.49,192.4,51.863,117.69,-1,-1,-1,-1
103,17,131.41,199.42,34.809,78.99,-1,-1,-1,-1
104,4,294.15,168.03,59.471,134.95,-1,-1,-1,-1
104,16,363.11,192.75,51.855,117.67,-1,-1,-1,-1
104,17,126.49,199.06,35.467,80.482,-1,-1,-1,-1
105,4,293.19,168.07,59.545,135.12,-1,-1,-1,-1
105,16,361.52,192.9,51.883,117.73,-1,-1,-1,-1
105,17,121.2,198.8,36.175,82.089,-1,-1,-1,-1
106,4,292.34,168.12,59.629,135.31,-1,-1,-1,-1
106,16,359.75,192.86,51.946,117.88,-1,-1,-1,-1
106,17,115.59,198.59,36.936,83.816,-1,-1,-1,-1
107,4,291.62,168.13,59.723,135.53,-1,-1,-1,-1
107,16,357.91,192.64,52.044,118.1,-1,-1,-1,-1
107,17,109.75,198.42,37.754,85.671,-1,-1,-1,-1
108,4,291.01,168.1,59.827,135.76,-1,-1,-1,-1
108,16,356.09,192.27,52.178,118.4,-1,-1,-1,-1
108,17,103.75,198.26,38.63,87.659,-1,-1,-1,-1
109,4,290.5,168.06,59.94,136.02,-1,-1,-1,-1
109,16,354.36,191.77,52.346,118.79,-1,-1,-1,-1
109,17,97.646,198.05,39.567,89.786,-1,-1,-1,-1
110,4,290.03,168,60.061,136.29,-1,-1,-1,-1
110,16,352.78,191.15,52.55,119.25,-1,-1,-1,-1
110,17,91.525,197.76,40.569,92.059,-1,-1,-1,-1
111,4,289.57,167.95,60.191,136.59,-1,-1,-1,-1
111,16,351.33,190.48,52.79,119.79,-1,-1,-1,-1
111,17,85.394,197.36,41.637,94.485,-1,-1,-1,-1
112,4,289.06,167.93,60.329,136.9,-1,-1,-1,-1
112,16,349.99,189.79,53.064,120.42,-1,-1,-1,-1
112,17,79.213,196.83,42.776,97.068,-1,-1,-1,-1
113,4,288.44,167.95,60.474,137.23,-1,-1,-1,-1
113,16,348.7,189.12,53.374,121.12,-1,-1,-1,-1
113,17,72.926,196.16,43.987,99.816,-1,-1,-1,-1
114,4,287.66,168.04,60.625,137.57,-1,-1,-1,-1
114,16,347.45,188.46,53.719,121.9,-1,-1,-1,-1
114,17,66.463,195.38,45.273,102.74,-1,-1,-1,-1
115,4,286.64,168.19,60.783,137.93,-1,-1,-1,-1
115,16,346.22,187.79,54.1,122.77,-1,-1,-1,-1
115,17,59.752,194.48,46.637,105.83,-1,-1,-1,-1
116,4,285.35,168.4,60.947,138.3,-1,-1,-1,-1
116,16,344.98,187.1,54.515,123.71,-1,-1,-1,-1
116,17,52.708,193.49,48.082,109.11,-1,-1,-1,-1
117,4,283.75,168.65,61.116,138.69,-1,-1,-1,-1
117,16,343.7,186.41,54.966,124.73,-1,-1,-1,-1
117,17,45.293,192.41,49.611,112.58,-1,-1,-1,-1
118,4,281.81,168.97,61.289,139.08,-1,-1,-1,-1
118,16,342.36,185.66,55.452,125.84,-1,-1,-1,-1
118,17,37.513,191.27,51.226,116.24,-1,-1,-1,-1
119,4,279.55,169.36,61.466,139.48,-1,-1,-1,-1
119,16,340.96,184.85,55.974,127.02,-1,-1,-1,-1
119,17,29.394,190.07,52.93,120.11,-1,-1,-1,-1
120,4,276.99,169.81,61.647,139.89,-1,-1,-1,-1
120,16,339.5,183.97,56.53,128.28,-1,-1,-1,-1
120,17,20.978,188.75,54.725,124.18,-1,-1,-1,-1
121,4,274.17,170.3,61.83,140.31,-1,-1,-1,-1
121,17,12.386,187.28,56.615,128.47,-1,-1,-1,-1
122,4,271.18,170.8,62.015,140.73,-1,-1,-1,-1
123,4,268.13,171.21,62.202,141.15,-1,-1,-1,-1
124,4,265.2,171.48,62.389,141.57,-1,-1,-1,-1
125,4,262.5,171.58,62.577,142,-1,-1,-1,-1
126,4,260.08,171.5,62.764,142.43,-1,-1,-1,-1
127,4,257.91,171.25,62.95,142.85,-1,-1,-1,-1
128,4,255.98,170.86,63.135,143.27,-1,-1,-1,-1
129,4,254.26,170.35,63.318,143.68,-1,-1,-1,-1
130,4,252.76,169.79,63.498,144.09,-1,-1,-1,-1
131,4,251.47,169.22,63.675,144.49,-1,-1,-1,-1
132,4,250.38,168.7,63.849,144.89,-1,-1,-1,-1
133,4,249.51,168.25,64.018,145.27,-1,-1,-1,-1
134,4,248.82,167.85,64.183,145.64,-1,-1,-1,-1
134,15,203.32,207.98,26,59,-1,-1,-1,-1
135,4,248.2,167.47,64.343,146.01,-1,-1,-1,-1
135,15,202.26,208.72,26,59,-1,-1,-1,-1
136,4,247.67,167.13,64.497,146.36,-1,-1,-1,-1
136,15,201.19,209.47,26,59,-1,-1,-1,-1
137,4,247.25,166.84,64.645,146.69,-1,-1,-1,-1
137,15,200.08,210.22,26,59,-1,-1,-1,-1
138,4,246.97,166.62,64.788,147.02,-1,-1,-1,-1
138,15,198.75,210.24,26.306,59.695,-1,-1,-1,-1
139,4,246.83,166.48,64.923,147.32,-1,-1,-1,-1
139,15,197.33,210.15,26.645,60.465,-1,-1,-1,-1
140,4,246.88,166.43,65.052,147.62,-1,-1,-1,-1
140,15,195.85,209.99,27.009,61.289,-1,-1,-1,-1
141,4,247.11,166.41,65.174,147.89,-1,-1,-1,-1
141,15,194.32,209.75,27.396,62.167,-1,-1,-1,-1
142,4,247.52,166.35,65.289,148.15,-1,-1,-1,-1
142,15,192.77,209.45,27.807,63.1,-1,-1,-1,-1
143,4,248.09,166.24,65.395,148.4,-1,-1,-1,-1
143,15,191.24,209.09,28.242,64.087,-1,-1,-1,-1
144,4,248.77,166.08,65.495,148.62,-1,-1,-1,-1
144,15,189.74,208.7,28.701,65.128,-1,-1,-1,-1
145,4,249.51,165.84,65.586,148.83,-1,-1,-1,-1
145,15,188.3,208.31,29.183,66.222,-1,-1,-1,-1
146,4,250.19,165.55,65.669,149.02,-1,-1,-1,-1
146,15,186.92,207.91,29.689,67.37,-1,-1,-1,-1
147,4,250.75,165.25,65.744,149.19,-1,-1,-1,-1
147,15,185.6,207.52,30.218,68.571,-1,-1,-1,-1
148,4,251.16,164.98,65.81,149.34,-1,-1,-1,-1
148,15,184.33,207.12,30.77,69.824,-1,-1,-1,-1
149,4,251.4,164.77,65.869,149.47,-1,-1,-1,-1
149,15,183.14,206.68,31.345,71.13,-1,-1,-1,-1
150,4,251.48,164.65,65.919,149.58,-1,-1,-1,-1
150,15,182.07,206.22,31.944,72.488,-1,-1,-1,-1
151,4,251.47,164.62,65.961,149.68,-1,-1,-1,-1
151,15,181.15,205.76,32.565,73.898,-1,-1,-1,-1
152,4,251.34,164.71,65.994,149.75,-1,-1,-1,-1
152,15,180.39,205.33,33.21,75.36,-1,-1,-1,-1
153,4,251.13,164.94,66.019,149.81,-1,-1,-1,-1
153,15,179.83,204.96,33.876,76.873,-1,-1,-1,-1
154,4,250.87,165.3,66.037,149.85,-1,-1,-1,-1
154,15,179.49,204.64,34.566,78.438,-1,-1,-1,-1
155,4,250.61,165.78,66.046,149.87,-1,-1,-1,-1
155,15,179.31,204.34,35.278,80.053,-1,-1,-1,-1
156,4,250.39,166.36,66.047,149.87,-1,-1,-1,-1
156,15,179.24,204.01,36.012,81.72,-1,-1,-1,-1
157,4,250.22,166.99,66.041,149.86,-1,-1,-1,-1
157,15,179.18,203.63,36.769,83.436,-1,-1,-1,-1
158,4,250.11,167.64,66.027,149.83,-1,-1,-1,-1
158,15,179.07,203.18,37.547,85.203,-1,-1,-1,-1
159,4,250.05,168.27,66.005,149.78,-1,-1,-1,-1
159,15,178.89,202.67,38.348,87.02,-1,-1,-1,-1
160,4,250.01,168.8,65.977,149.72,-1,-1,-1,-1
160,15,178.59,202.08,39.171,88.887,-1,-1,-1,-1
161,4,250,169.25,65.942,149.64,-1,-1,-1,-1
161,15,178.15,201.39,40.015,90.803,-1,-1,-1,-1
162,4,250.05,169.65,65.9,149.54,-1,-1,-1,-1
162,15,177.52,200.58,40.881,92.768,-1,-1,-1,-1
163,4,250.21,170.05,65.852,149.43,-1,-1,-1,-1
163,15,176.68,199.65,41.769,94.783,-1,-1,-1,-1
164,4,250.47,170.46,65.798,149.31,-1,-1,-1,-1
164,15,175.65,198.62,42.678,96.846,-1,-1,-1,-1
165,4,250.82,170.85,65.739,149.17,-1,-1,-1,-1
165,15,174.47,197.48,43.608,98.957,-1,-1,-1,-1
166,4,251.19,171.17,65.674,149.03,-1,-1,-1,-1
166,15,173.14,196.26,44.56,101.12,-1,-1,-1,-1
167,4,251.55,171.38,65.604,148.87,-1,-1,-1,-1
167,15,171.66,194.95,45.533,103.32,-1,-1,-1,-1
168,4,251.89,171.49,65.53,148.7,-1,-1,-1,-1
168,15,170.03,193.55,46.526,105.58,-1,-1,-1,-1
169,4,252.22,171.45,65.451,148.52,-1,-1,-1,-1
169,15,168.29,192.07,47.541,107.88,-1,-1,-1,-1
170,4,252.58,171.24,65.368,148.33,-1,-1,-1,-1
170,15,166.45,190.47,48.577,110.23,-1,-1,-1,-1
171,4,252.97,170.86,65.282,148.14,-1,-1,-1,-1
171,15,164.51,188.77,49.633,112.63,-1,-1,-1,-1
172,4,253.39,170.35,65.193,147.94,-1,-1,-1,-1
172,15,162.47,187,50.709,115.07,-1,-1,-1,-1
173,4,253.82,169.78,65.101,147.73,-1,-1,-1,-1
173,15,160.32,185.18,51.807,117.56,-1,-1,-1,-1
174,4,254.23,169.18,65.007,147.51,-1,-1,-1,-1
174,15,158.1,183.35,52.924,120.1,-1,-1,-1,-1
175,4,254.58,168.57,64.911,147.3,-1,-1,-1,-1
175,15,155.82,181.54,54.062,122.68,-1,-1,-1,-1
176,4,254.84,168,64.813,147.07,-1,-1,-1,-1
176,15,153.47,179.78,55.219,125.31,-1,-1,-1,-1
177,4,255.01,167.55,64.714,146.85,-1,-1,-1,-1
177,15,151.05,178.09,56.397,127.98,-1,-1,-1,-1
178,4,255.11,167.2,64.615,146.62,-1,-1,-1,-1
178,15,148.53,176.47,57.595,130.7,-1,-1,-1,-1
179,4,255.16,167,64.515,146.4,-1,-1,-1,-1
179,15,145.97,174.91,58.812,133.46,-1,-1,-1,-1
180,4,255.18,167.02,64.415,146.17,-1,-1,-1,-1
180,15,143.37,173.38,60.049,136.27,-1,-1,-1,-1
181,4,255.2,167.26,64.316,145.95,-1,-1,-1,-1
181,15,140.76,171.82,61.306,139.12,-1,-1,-1,-1
182,4,255.25,167.73,64.217,145.72,-1,-1,-1,-1
182,15,138.12,170.22,62.582,142.01,-1,-1,-1,-1
183,4,255.36,168.44,64.12,145.5,-1,-1,-1,-1
183,15,135.44,168.58,63.878,144.95,-1,-1,-1,-1
184,4,255.52,169.39,64.024,145.28,-1,-1,-1,-1
185,4,255.71,170.51,63.93,145.07,-1,-1,-1,-1
186,4,255.99,171.69,63.839,144.86,-1,-1,-1,-1
187,4,256.38,172.84,63.75,144.66,-1,-1,-1,-1
188,4,256.88,173.9,63.664,144.47,-1,-1,-1,-1
189,4,257.45,174.83,63.581,144.28,-1,-1,-1,-1
190,4,258.06,175.57,63.501,144.1,-1,-1,-1,-1
191,4,258.65,176.05,63.426,143.93,-1,-1,-1,-1
192,4,259.2,176.26,63.354,143.76,-1,-1,-1,-1
192,7,198.63,214.2,27.663,62.774,-1,-1,-1,-1
193,4,259.66,176.15,63.286,143.61,-1,-1,-1,-1
193,7,197.74,213.63,27.847,63.191,-1,-1,-1,-1
194,4,260,175.73,63.224,143.47,-1,-1,-1,-1
194,7,196.84,213.08,28.031,63.608,-1,-1,-1,-1
195,4,260.22,175.03,63.165,143.34,-1,-1,-1,-1
195,7,195.91,212.56,28.215,64.025,-1,-1,-1,-1
196,4,260.36,174.12,63.112,143.21,-1,-1,-1,-1
196,7,194.91,212.04,28.398,64.443,-1,-1,-1,-1
197,4,260.45,173.09,63.064,143.1,-1,-1,-1,-1
197,7,193.8,211.51,28.582,64.86,-1,-1,-1,-1
198,4,260.55,172.01,63.021,143.01,-1,-1,-1,-1
198,7,192.63,210.93,28.766,65.277,-1,-1,-1,-1
199,4,260.7,170.99,62.983,142.92,-1,-1,-1,-1
199,7,191.45,210.29,28.95,65.694,-1,-1,-1,-1
200,4,260.97,170.1,62.951,142.85,-1,-1,-1,-1
200,7,190.25,209.56,29.134,66.111,-1,-1,-1,-1
201,4,261.4,169.39,62.924,142.79,-1,-1,-1,-1
201,7,189.07,208.76,29.317,66.528,-1,-1,-1,-1
202,4,261.98,168.88,62.903,142.74,-1,-1,-1,-1
202,7,187.9,207.92,29.501,66.946,-1,-1,-1,-1
203,4,262.69,168.54,62.887,142.7,-1,-1,-1,-1
203,11,167.7,206.8,30.383,68.946,-1,-1,-1,-1
204,4,263.45,168.4,62.877,142.68,-1,-1,-1,-1
204,11,167.15,207.41,30.289,68.734,-1,-1,-1,-1
205,4,264.2,168.49,62.873,142.67,-1,-1,-1,-1
205,11,166.51,207.93,30.255,68.655,-1,-1,-1,-1
206,4,264.94,168.83,62.875,142.68,-1,-1,-1,-1
206,11,165.79,208.44,30.278,68.708,-1,-1,-1,-1
207,4,265.66,169.35,62.882,142.69,-1,-1,-1,-1
207,11,164.94,208.9,30.358,68.89,-1,-1,-1,-1
208,4,266.39,169.93,62.895,142.72,-1,-1,-1,-1
208,11,163.96,209.25,30.495,69.2,-1,-1,-1,-1
209,4,267.15,170.48,62.913,142.76,-1,-1,-1,-1
209,11,162.86,209.44,30.686,69.634,-1,-1,-1,-1
210,4,267.99,170.97,62.937,142.82,-1,-1,-1,-1
210,11,161.59,209.45,30.932,70.191,-1,-1,-1,-1
211,4,268.92,171.35,62.966,142.88,-1,-1,-1,-1
211,11,160.17,209.28,31.231,70.87,-1,-1,-1,-1
212,4,269.95,171.62,63,142.96,-1,-1,-1,-1
212,11,158.65,208.93,31.582,71.667,-1,-1,-1,-1
213,4,271.02,171.77,63.04,143.05,-1,-1,-1,-1
213,11,157.07,208.44,31.984,72.58,-1,-1,-1,-1
214,4,272,171.8,63.084,143.15,-1,-1,-1,-1
214,11,155.44,207.86,32.437,73.608,-1,-1,-1,-1
215,4,272.85,171.73,63.133,143.26,-1,-1,-1,-1
215,11,153.78,207.25,32.94,74.748,-1,-1,-1,-1
216,4,273.54,171.56,63.187,143.38,-1,-1,-1,-1
216,11,152.09,206.64,33.491,75.998,-1,-1,-1,-1
217,4,274.08,171.31,63.245,143.52,-1,-1,-1,-1
217,11,150.35,206,34.089,77.356,-1,-1,-1,-1
218,4,274.51,170.99,63.307,143.66,-1,-1,-1,-1
218,11,148.57,205.25,34.734,78.82,-1,-1,-1,-1
219,4,274.87,170.64,63.373,143.81,-1,-1,-1,-1
219,11,146.71,204.33,35.425,80.388,-1,-1,-1,-1
220,4,275.24,170.27,63.443,143.97,-1,-1,-1,-1
220,11,144.75,203.22,36.161,82.057,-1,-1,-1,-1
221,4,275.65,169.88,63.516,144.13,-1,-1,-1,-1
221,11,142.69,201.93,36.94,83.825,-1,-1,-1,-1
222,4,276.12,169.52,63.593,144.3,-1,-1,-1,-1
222,11,140.55,200.5,37.762,85.691,-1,-1,-1,-1
223,4,276.67,169.25,63.672,144.48,-1,-1,-1,-1
223,11,138.29,198.99,38.626,87.651,-1,-1,-1,-1
224,4,277.28,169.02,63.753,144.67,-1,-1,-1,-1
224,11,135.89,197.46,39.531,89.705,-1,-1,-1,-1
225,4,277.94,168.72,63.837,144.86,-1,-1,-1,-1
225,11,133.36,196,40.476,91.849,-1,-1,-1,-1
226,4,278.6,168.31,63.923,145.06,-1,-1,-1,-1
226,11,130.66,194.7,41.46,94.082,-1,-1,-1,-1
227,4,279.28,167.82,64.011,145.25,-1,-1,-1,-1
227,11,127.78,193.56,42.482,96.402,-1,-1,-1,-1
228,4,279.97,167.3,64.1,145.46,-1,-1,-1,-1
228,11,124.71,192.61,43.542,98.806,-1,-1,-1,-1
229,4,280.61,166.82,64.19,145.66,-1,-1,-1,-1
229,11,121.41,191.78,44.637,101.29,-1,-1,-1,-1
230,4,281.19,166.51,64.281,145.87,-1,-1,-1,-1
230,11,117.93,191,45.768,103.86,-1,-1,-1,-1
231,4,281.72,166.47,64.372,146.07,-1,-1,-1,-1
231,11,114.26,190.22,46.933,106.5,-1,-1,-1,-1
232,4,282.23,166.69,64.463,146.28,-1,-1,-1,-1
232,11,110.37,189.38,48.132,109.22,-1,-1,-1,-1
233,4,282.7,167.14,64.554,146.49,-1,-1,-1,-1
233,11,106.18,188.45,49.363,112.02,-1,-1,-1,-1
234,4,283.12,167.77,64.645,146.69,-1,-1,-1,-1
234,11,101.63,187.4,50.626,114.88,-1,-1,-1,-1
235,4,283.5,168.5,64.734,146.89,-1,-1,-1,-1
235,11,96.648,186.27,51.919,117.82,-1,-1,-1,-1
236,4,283.83,169.27,64.823,147.1,-1,-1,-1,-1
236,11,91.199,185.06,53.241,120.82,-1,-1,-1,-1
237,4,284.12,170.06,64.91,147.29,-1,-1,-1,-1
237,11,85.251,183.79,54.593,123.88,-1,-1,-1,-1
238,4,284.38,170.81,64.995,147.49,-1,-1,-1,-1
238,11,78.82,182.43,55.972,127.01,-1,-1,-1,-1
239,4,284.62,171.52,65.078,147.67,-1,-1,-1,-1
239,11,71.951,180.9,57.378,130.2,-1,-1,-1,-1
240,4,284.84,172.24,65.159,147.86,-1,-1,-1,-1
240,11,64.689,179.2,58.81,133.45,-1,-1,-1,-1
241,4,285.07,172.95,65.237,148.04,-1,-1,-1,-1
241,11,57.043,177.32,60.266,136.76,-1,-1,-1,-1
242,4,285.3,173.6,65.312,148.21,-1,-1,-1,-1
242,11,49.032,175.32,61.747,140.12,-1,-1,-1,-1
243,4,285.55,174.14,65.384,148.37,-1,-1,-1,-1
243,11,40.689,173.24,63.25,143.53,-1,-1,-1,-1
244,4,285.76,174.53,65.453,148.53,-1,-1,-1,-1
244,11,32.047,171.04,64.776,146.99,-1,-1,-1,-1
245,4,285.88,174.75,65.519,148.68,-1,-1,-1,-1
245,11,23.149,168.7,66.323,150.5,-1,-1,-1,-1
246,4,285.87,174.78,65.58,148.82,-1,-1,-1,-1
246,11,14.046,166.22,67.889,154.06,-1,-1,-1,-1
247,4,285.75,174.69,65.638,148.95,-1,-1,-1,-1
247,11,4.7702,163.64,69.476,157.66,-1,-1,-1,-1
248,4,285.54,174.51,65.692,149.07,-1,-1,-1,-1
248,11,-4.6402,160.98,71.08,161.3,-1,-1,-1,-1
249,4,285.21,174.26,65.741,149.18,-1,-1,-1,-1
249,11,-14.133,158.26,72.702,164.98,-1,-1,-1,-1
250,4,284.73,173.96,65.786,149.28,-1,-1,-1,-1
251,4,284.08,173.63,65.826,149.37,-1,-1,-1,-1
252,4,283.25,173.29,65.862,149.45,-1,-1,-1,-1
253,4,282.23,172.96,65.893,149.53,-1,-1,-1,-1
254,4,281.05,172.67,65.92,149.59,-1,-1,-1,-1
255,4,279.76,172.42,65.941,149.63,-1,-1,-1,-1
256,4,278.42,172.23,65.958,149.67,-1,-1,-1,-1
257,4,277.06,172.07,65.971,149.7,-1,-1,-1,-1
258,4,275.75,171.98,65.978,149.72,-1,-1,-1,-1
259,4,274.48,171.91,65.981,149.72,-1,-1,-1,-1
260,4,273.22,171.86,65.979,149.72,-1,-1,-1,-1
261,4,271.97,171.87,65.973,149.71,-1,-1,-1,-1
262,4,270.73,171.94,65.962,149.68,-1,-1,-1,-1
263,4,269.5,172,65.947,149.65,-1,-1,-1,-1
264,4,268.31,171.91,65.928,149.6,-1,-1,-1,-1
265,4,267.22,171.56,65.905,149.55,-1,-1,-1,-1
266,4,266.26,170.93,65.879,149.49,-1,-1,-1,-1
267,4,265.45,170.05,65.849,149.42,-1,-1,-1,-1
268,4,264.77,169.03,65.815,149.35,-1,-1,-1,-1
269,4,264.18,167.96,65.779,149.27,-1,-1,-1,-1
270,4,263.63,166.85,65.741,149.18,-1,-1,-1,-1
271,4,263.14,165.8,65.7,149.09,-1,-1,-1,-1
272,4,262.7,164.88,65.657,148.99,-1,-1,-1,-1
273,4,262.31,164.23,65.612,148.89,-1,-1,-1,-1
274,4,261.95,163.92,65.566,148.78,-1,-1,-1,-1
275,4,261.63,163.94,65.519,148.68,-1,-1,-1,-1
276,4,261.35,164.28,65.472,148.57,-1,-1,-1,-1
277,4,261.11,164.87,65.424,148.46,-1,-1,-1,-1
278,4,260.93,165.62,65.377,148.35,-1,-1,-1,-1
279,4,260.84,166.48,65.33,148.25,-1,-1,-1,-1
280,1,177.02,210.4,26.055,59.125,-1,-1,-1,-1
280,4,260.89,167.4,65.285,148.14,-1,-1,-1,-1
281,1,178.83,211.36,26.023,59.052,-1,-1,-1,-1
281,4,261.11,168.31,65.24,148.04,-1,-1,-1,-1
282,1,180.63,212.28,26.019,59.043,-1,-1,-1,-1
282,4,261.5,169.2,65.198,147.95,-1,-1,-1,-1
283,1,182.48,213.17,26.042,59.095,-1,-1,-1,-1
283,4,262.11,170.07,65.158,147.86,-1,-1,-1,-1
284,1,184.42,214,26.088,59.201,-1,-1,-1,-1
284,4,263,170.88,65.121,147.77,-1,-1,-1,-1
285,1,186.52,214.73,26.158,59.36,-1,-1,-1,-1
285,4,264.22,171.56,65.087,147.7,-1,-1,-1,-1
286,1,188.8,215.31,26.251,59.571,-1,-1,-1,-1
286,4,265.83,172.04,65.056,147.63,-1,-1,-1,-1
287,1,191.3,215.71,26.367,59.833,-1,-1,-1,-1
287,4,267.83,172.32,65.03,147.57,-1,-1,-1,-1
288,1,194.09,215.88,26.506,60.148,-1,-1,-1,-1
288,4,270.21,172.41,65.008,147.52,-1,-1,-1,-1
289,1,197.13,215.82,26.669,60.518,-1,-1,-1,-1
289,4,272.92,172.38,64.991,147.48,-1,-1,-1,-1
289,9,462.48,235.53,41.018,93.079,-1,-1,-1,-1
290,1,200.32,215.56,26.857,60.945,-1,-1,-1,-1
290,4,275.93,172.34,64.978,147.45,-1,-1,-1,-1
290,9,469.69,235.22,40.835,92.663,-1,-1,-1,-1
290,14,130.22,214.26,27.233,61.797,-1,-1,-1,-1
291,1,203.56,215.12,27.072,61.432,-1,-1,-1,-1
291,4,279.21,172.33,64.972,147.43,-1,-1,-1,-1
291,9,476.91,234.93,40.651,92.247,-1,-1,-1,-1
291,14,132.32,214.8,26.899,61.041,-1,-1,-1,-1
292,1,206.75,214.53,27.314,61.982,-1,-1,-1,-1
292,4,282.72,172.44,64.971,147.43,-1,-1,-1,-1
292,9,484.2,234.73,40.468,91.832,-1,-1,-1,-1
292,14,134.37,215.27,26.596,60.353,-1,-1,-1,-1
293,1,209.81,213.84,27.585,62.598,-1,-1,-1,-1
293,4,286.44,172.72,64.977,147.45,-1,-1,-1,-1
293,9,491.59,234.66,40.285,91.416,-1,-1,-1,-1
293,14,136.37,215.67,26.324,59.735,-1,-1,-1,-1
294,1,212.72,213.08,27.887,63.282,-1,-1,-1,-1
294,4,290.35,173.15,64.989,147.47,-1,-1,-1,-1
294,9,499.12,234.7,40.102,91,-1,-1,-1,-1
294,14,138.3,216,26.081,59.185,-1,-1,-1,-1
295,1,215.5,212.3,28.22,64.037,-1,-1,-1,-1
295,4,294.41,173.69,65.008,147.52,-1,-1,-1,-1
295,9,506.84,234.83,39.919,90.584,-1,-1,-1,-1
295,14,140.11,215.96,26,59,-1,-1,-1,-1
296,1,218.16,211.53,28.585,64.867,-1,-1,-1,-1
296,4,298.57,174.23,65.034,147.57,-1,-1,-1,-1
296,9,514.74,235.01,39.735,90.168,-1,-1,-1,-1
296,14,141.81,215.72,26,59,-1,-1,-1,-1
297,1,220.66,210.82,28.984,65.771,-1,-1,-1,-1
297,4,302.82,174.69,65.067,147.65,-1,-1,-1,-1
297,9,522.82,235.23,39.552,89.753,-1,-1,-1,-1
297,14,143.44,215.44,26,59,-1,-1,-1,-1
298,1,222.96,210.2,29.417,66.753,-1,-1,-1,-1
298,4,307.1,175.05,65.108,147.74,-1,-1,-1,-1
298,9,530.97,235.45,39.369,89.337,-1,-1,-1,-1
298,14,144.94,215.12,26,59,-1,-1,-1,-1
299,1,225.07,209.72,29.884,67.813,-1,-1,-1,-1
299,4,311.39,175.22,65.156,147.85,-1,-1,-1,-1
299,14,146.33,214.77,26,59,-1,-1,-1,-1
300,1,226.95,209.38,30.385,68.951,-1,-1,-1,-1
300,4,315.67,175.2,65.213,147.98,-1,-1,-1,-1
300,14,147.53,214.41,26,59,-1,-1,-1,-1
301,1,228.7,209.12,30.921,70.166,-1,-1,-1,-1
301,4,319.98,174.96,65.277,148.13,-1,-1,-1,-1
301,14,148.57,214.06,26,59,-1,-1,-1,-1
302,1,230.43,208.89,31.49,71.459,-1,-1,-1,-1
302,4,324.33,174.47,65.349,148.29,-1,-1,-1,-1
302,14,149.45,213.75,26,59,-1,-1,-1,-1
303,1,232.19,208.65,32.093,72.826,-1,-1,-1,-1
303,4,328.78,173.78,65.43,148.47,-1,-1,-1,-1
303,14,150.19,213.48,26,59,-1,-1,-1,-1
304,1,234.04,208.34,32.728,74.267,-1,-1,-1,-1
304,4,333.37,172.99,65.518,148.67,-1,-1,-1,-1
304,14,150.77,213.24,26,59,-1,-1,-1,-1
305,1,235.96,207.95,33.393,75.777,-1,-1,-1,-1
305,4,338.11,172.19,65.615,148.89,-1,-1,-1,-1
305,14,151.17,213.02,26,59,-1,-1,-1,-1
306,1,237.91,207.42,34.088,77.353,-1,-1,-1,-1
306,4,342.91,171.45,65.719,149.13,-1,-1,-1,-1
306,14,151.35,212.8,26,59,-1,-1,-1,-1
307,1,239.82,206.73,34.81,78.992,-1,-1,-1,-1
307,4,347.69,170.86,65.831,149.38,-1,-1,-1,-1
307,14,151.3,212.62,26,59,-1,-1,-1,-1
308,1,241.65,205.91,35.558,80.689,-1,-1,-1,-1
308,4,352.3,170.45,65.951,149.66,-1,-1,-1,-1
308,14,151.01,212.47,26,59,-1,-1,-1,-1
309,1,243.36,204.99,36.329,82.439,-1,-1,-1,-1
309,4,356.64,170.2,66.078,149.94,-1,-1,-1,-1
309,14,150.38,212.22,26.076,59.173,-1,-1,-1,-1
310,1,244.92,204.01,37.122,84.237,-1,-1,-1,-1
310,4,360.65,170.12,66.213,150.25,-1,-1,-1,-1
310,14,149.4,211.68,26.318,59.722,-1,-1,-1,-1
311,1,246.27,203.02,37.933,86.079,-1,-1,-1,-1
311,4,364.33,170.16,66.354,150.57,-1,-1,-1,-1
311,14,148.17,211.17,26.59,60.339,-1,-1,-1,-1
312,1,247.38,202.06,38.761,87.958,-1,-1,-1,-1
312,4,367.68,170.23,66.501,150.9,-1,-1,-1,-1
312,14,146.71,210.72,26.892,61.025,-1,-1,-1,-1
313,1,248.2,201.12,39.604,89.869,-1,-1,-1,-1
313,4,370.71,170.27,66.655,151.25,-1,-1,-1,-1
313,14,145,210.35,27.225,61.779,-1,-1,-1,-1
314,1,248.69,200.27,40.459,91.809,-1,-1,-1,-1
314,4,373.48,170.25,66.814,151.61,-1,-1,-1,-1
314,14,143.06,210.08,27.587,62.602,-1,-1,-1,-1
315,1,248.78,199.59,41.324,93.773,-1,-1,-1,-1
315,4,375.99,170.2,66.978,151.99,-1,-1,-1,-1
315,14,140.87,209.91,27.98,63.494,-1,-1,-1,-1
316,1,248.47,199.11,42.198,95.757,-1,-1,-1,-1
316,4,378.26,170.12,67.147,152.37,-1,-1,-1,-1
316,14,138.43,209.87,28.404,64.454,-1,-1,-1,-1
317,1,247.8,198.79,43.081,97.759,-1,-1,-1,-1
317,4,380.35,170.02,67.32,152.76,-1,-1,-1,-1
317,14,135.7,209.98,28.857,65.484,-1,-1,-1,-1
318,1,246.84,198.54,43.97,99.778,-1,-1,-1,-1
318,4,382.27,169.91,67.496,153.16,-1,-1,-1,-1
318,14,132.69,210.25,29.341,66.581,-1,-1,-1,-1
319,1,245.65,198.32,44.867,101.81,-1,-1,-1,-1
319,4,384,169.82,67.675,153.57,-1,-1,-1,-1
319,14,129.47,210.66,29.855,67.748,-1,-1,-1,-1
320,1,244.28,198.02,45.771,103.86,-1,-1,-1,-1
320,4,385.55,169.72,67.856,153.98,-1,-1,-1,-1
320,14,126.09,211.14,30.399,68.983,-1,-1,-1,-1
321,1,242.8,197.59,46.685,105.94,-1,-1,-1,-1
321,4,386.98,169.63,68.039,154.39,-1,-1,-1,-1
321,14,122.62,211.62,30.974,70.286,-1,-1,-1,-1
322,1,241.26,196.98,47.61,108.04,-1,-1,-1,-1
322,4,388.34,169.54,68.222,154.81,-1,-1,-1,-1
322,14,119.08,212.06,31.578,71.659,-1,-1,-1,-1
323,1,239.64,196.2,48.551,110.17,-1,-1,-1,-1
323,4,389.69,169.48,68.404,155.22,-1,-1,-1,-1
323,14,115.49,212.45,32.213,73.1,-1,-1,-1,-1
324,1,237.93,195.22,49.512,112.35,-1,-1,-1,-1
324,4,391.03,169.46,68.586,155.63,-1,-1,-1,-1
325,1,236.08,194.09,50.499,114.59,-1,-1,-1,-1
325,4,392.37,169.44,68.765,156.04,-1,-1,-1,-1
326,1,234.02,192.86,51.52,116.91,-1,-1,-1,-1
326,4,393.63,169.38,68.942,156.44,-1,-1,-1,-1
327,1,231.64,191.58,52.584,119.33,-1,-1,-1,-1
327,4,394.76,169.3,69.116,156.84,-1,-1,-1,-1
328,1,228.87,190.34,53.702,121.86,-1,-1,-1,-1
328,4,395.76,169.22,69.285,157.22,-1,-1,-1,-1
329,1,225.65,189.16,54.888,124.55,-1,-1,-1,-1
329,4,396.61,169.13,69.449,157.59,-1,-1,-1,-1
330,1,221.93,188.04,56.157,127.43,-1,-1,-1,-1
330,4,397.3,169.03,69.607,157.95,-1,-1,-1,-1
331,1,217.7,186.95,57.526,130.54,-1,-1,-1,-1
331,4,397.83,168.89,69.758,158.3,-1,-1,-1,-1
332,1,213,185.81,59.017,133.92,-1,-1,-1,-1
332,4,398.23,168.71,69.902,158.62,-1,-1,-1,-1
333,1,207.85,184.52,60.651,137.63,-1,-1,-1,-1
333,2,272.83,209.62,32.301,73.298,-1,-1,-1,-1
333,4,398.53,168.5,70.038,158.93,-1,-1,-1,-1
334,1,202.34,183,62.456,141.73,-1,-1,-1,-1
334,2,268.53,209.59,32.781,74.388,-1,-1,-1,-1
334,4,398.78,168.33,70.165,159.22,-1,-1,-1,-1
335,1,196.47,181.23,64.46,146.28,-1,-1,-1,-1
335,2,264.3,209.54,33.276,75.51,-1,-1,-1,-1
335,4,399.01,168.18,70.282,159.48,-1,-1,-1,-1
335,8,587.2,214.02,41.639,94.49,-1,-1,-1,-1
336,1,190.29,179.2,66.696,151.35,-1,-1,-1,-1
336,2,260.19,209.5,33.784,76.664,-1,-1,-1,-1
336,4,399.24,168.01,70.389,159.73,-1,-1,-1,-1
336,8,584.86,214.07,41.558,94.305,-1,-1,-1,-1
337,1,183.79,176.82,69.201,157.03,-1,-1,-1,-1
337,2,256.28,209.46,34.307,77.849,-1,-1,-1,-1
337,4,399.43,167.79,70.487,159.95,-1,-1,-1,-1
337,8,582.6,214.12,41.477,94.121,-1,-1,-1,-1
338,1,176.95,174.03,72.014,163.42,-1,-1,-1,-1
338,2,252.58,209.39,34.843,79.066,-1,-1,-1,-1
338,4,399.6,167.51,70.573,160.14,-1,-1,-1,-1
338,8,580.41,214.15,41.395,93.936,-1,-1,-1,-1
339,1,169.76,170.69,75.18,170.6,-1,-1,-1,-1
339,2,249.08,209.25,35.393,80.315,-1,-1,-1,-1
339,4,399.72,167.19,70.649,160.32,-1,-1,-1,-1
339,8,578.25,214.1,41.314,93.751,-1,-1,-1,-1
340,1,162.17,166.72,78.747,178.7,-1,-1,-1,-1
340,2,245.72,209,35.957,81.595,-1,-1,-1,-1
340,4,399.8,166.85,70.714,160.47,-1,-1,-1,-1
340,8,576.09,213.98,41.233,93.567,-1,-1,-1,-1
341,1,154.14,162.04,82.769,187.82,-1,-1,-1,-1
341,2,242.44,208.63,36.535,82.906,-1,-1,-1,-1
341,4,399.79,166.49,70.769,160.59,-1,-1,-1,-1
341,8,573.89,213.83,41.151,93.382,-1,-1,-1,-1
342,1,145.63,156.5,87.303,198.11,-1,-1,-1,-1
342,2,239.22,208.16,37.127,84.25,-1,-1,-1,-1
342,4,399.64,166.12,70.813,160.69,-1,-1,-1,-1
342,8,571.61,213.7,41.07,93.198,-1,-1,-1,-1
343,1,136.64,150.02,92.413,209.71,-1,-1,-1,-1
343,2,236.07,207.65,37.733,85.625,-1,-1,-1,-1
343,4,399.29,165.78,70.848,160.77,-1,-1,-1,-1
343,8,569.21,213.63,40.989,93.013,-1,-1,-1,-1
344,1,127.14,142.44,98.168,222.76,-1,-1,-1,-1
344,2,232.96,207.13,38.353,87.031,-1,-1,-1,-1
344,4,398.68,165.53,70.873,160.82,-1,-1,-1,-1
344,8,566.65,213.64,40.907,92.829,-1,-1,-1,-1
345,1,117.12,133.5,104.64,237.45,-1,-1,-1,-1
345,2,229.82,206.68,38.987,88.469,-1,-1,-1,-1
345,4,397.83,165.39,70.89,160.86,-1,-1,-1,-1
345,8,563.91,213.74,40.826,92.644,-1,-1,-1,-1
346,1,106.54,123.04,111.91,253.95,-1,-1,-1,-1
346,2,226.59,206.27,39.634,89.939,-1,-1,-1,-1
346,4,396.78,165.33,70.901,160.89,-1,-1,-1,-1
346,8,560.96,213.87,40.745,92.459,-1,-1,-1,-1
347,1,95.412,110.83,120.07,272.46,-1,-1,-1,-1
347,2,223.2,205.88,40.296,91.44,-1,-1,-1,-1
347,4,395.54,165.25,70.906,160.9,-1,-1,-1,-1
347,8,557.76,214.01,40.663,92.275,-1,-1,-1,-1
348,1,85.554,104.89,125.53,284.85,-1,-1,-1,-1
348,2,219.55,205.47,40.971,92.973,-1,-1,-1,-1
348,4,394.1,165.13,70.907,160.9,-1,-1,-1,-1
348,8,554.32,214.14,40.582,92.09,-1,-1,-1,-1
349,1,78.377,111.47,125.53,284.85,-1,-1,-1,-1
349,2,215.64,205,41.661,94.537,-1,-1,-1,-1
349,4,392.49,164.99,70.907,160.9,-1,-1,-1,-1
349,8,550.66,214.24,40.501,91.906,-1,-1,-1,-1
350,1,71.173,118.18,125.53,284.85,-1,-1,-1,-1
350,2,211.5,204.46,42.364,96.133,-1,-1,-1,-1
350,4,390.78,164.86,70.909,160.91,-1,-1,-1,-1
350,8,546.86,214.32,40.419,91.721,-1,-1,-1,-1
351,1,63.969,125.01,125.53,284.85,-1,-1,-1,-1
351,2,207.21,203.87,43.081,97.761,-1,-1,-1,-1
351,4,389.07,164.76,70.914,160.92,-1,-1,-1,-1
351,8,542.97,214.42,40.338,91.537,-1,-1,-1,-1
352,1,56.764,131.9,125.53,284.85,-1,-1,-1,-1
352,2,202.89,203.23,43.812,99.42,-1,-1,-1,-1
352,4,387.38,164.66,70.927,160.95,-1,-1,-1,-1
352,8,539.05,214.57,40.257,91.352,-1,-1,-1,-1
353,1,49.56,138.84,125.53,284.85,-1,-1,-1,-1
353,2,198.58,202.54,44.557,101.11,-1,-1,-1,-1
353,4,385.73,164.59,70.952,161,-1,-1,-1,-1
353,8,535.12,214.76,40.175,91.168,-1,-1,-1,-1
354,1,42.359,145.79,125.53,284.85,-1,-1,-1,-1
354,2,194.26,201.81,45.316,102.83,-1,-1,-1,-1
354,4,384.1,164.52,70.992,161.09,-1,-1,-1,-1
354,8,531.2,214.94,40.094,90.983,-1,-1,-1,-1
