1,3,134.29,238.85,37.725,85.603,-1,-1,-1,-1
1,33,242.16,209.13,26,59,-1,-1,-1,-1
2,3,137.85,233.16,41.432,94.016,-1,-1,-1,-1
2,33,248.02,208.23,26,59,-1,-1,-1,-1
3,3,141.44,227.64,45.063,102.26,-1,-1,-1,-1
3,33,253.93,207.37,26,59,-1,-1,-1,-1
4,3,145.08,222.29,48.617,110.32,-1,-1,-1,-1
4,33,259.92,206.38,26.094,59.213,-1,-1,-1,-1
5,3,148.82,217.09,52.095,118.21,-1,-1,-1,-1
5,33,266.06,205.18,26.341,59.773,-1,-1,-1,-1
6,3,152.73,212,55.497,125.93,-1,-1,-1,-1
6,33,272.45,204.13,26.588,60.334,-1,-1,-1,-1
7,3,156.82,207.02,58.822,133.48,-1,-1,-1,-1
7,33,279.11,203.25,26.835,60.895,-1,-1,-1,-1
8,3,161.13,202.17,62.07,140.85,-1,-1,-1,-1
8,33,286.04,202.55,27.082,61.456,-1,-1,-1,-1
9,3,165.67,197.43,65.242,148.05,-1,-1,-1,-1
9,33,293.26,201.97,27.329,62.017,-1,-1,-1,-1
10,3,170.42,192.78,68.338,155.08,-1,-1,-1,-1
10,33,300.72,201.5,27.577,62.578,-1,-1,-1,-1
11,3,175.36,188.16,71.358,161.93,-1,-1,-1,-1
11,33,308.39,201.08,27.824,63.139,-1,-1,-1,-1
12,3,180.38,183.58,74.301,168.61,-1,-1,-1,-1
12,33,316.23,200.7,28.071,63.7,-1,-1,-1,-1
13,3,185.37,179.07,77.167,175.11,-1,-1,-1,-1
13,33,324.18,200.32,28.318,64.261,-1,-1,-1,-1
14,3,190.18,174.69,79.957,181.44,-1,-1,-1,-1
14,33,332.18,199.9,28.565,64.822,-1,-1,-1,-1
15,3,194.66,170.5,82.671,187.6,-1,-1,-1,-1
15,33,340.19,199.41,28.813,65.383,-1,-1,-1,-1
16,3,198.68,166.57,85.308,193.59,-1,-1,-1,-1
16,33,348.14,198.86,29.06,65.944,-1,-1,-1,-1
17,3,202.18,162.98,87.869,199.4,-1,-1,-1,-1
17,33,356.06,198.28,29.307,66.505,-1,-1,-1,-1
18,3,205.17,159.78,90.354,205.04,-1,-1,-1,-1
19,3,207.74,157.02,92.762,210.5,-1,-1,-1,-1
20,3,209.96,154.68,95.094,215.79,-1,-1,-1,-1
21,3,211.98,152.82,97.349,220.91,-1,-1,-1,-1
22,3,213.95,151.45,99.528,225.85,-1,-1,-1,-1
23,3,215.95,150.6,101.63,230.62,-1,-1,-1,-1
24,3,218.05,150.26,103.66,235.22,-1,-1,-1,-1
25,3,220.31,150.4,105.61,239.65,-1,-1,-1,-1
26,3,222.73,150.97,107.48,243.9,-1,-1,-1,-1
27,3,225.37,151.93,109.28,247.97,-1,-1,-1,-1
28,3,228.2,153.28,111,251.88,-1,-1,-1,-1
29,3,231.22,155,112.64,255.61,-1,-1,-1,-1
30,3,234.41,157.06,114.21,259.16,-1,-1,-1,-1
31,3,237.73,159.45,115.7,262.55,-1,-1,-1,-1
32,3,241.18,162.15,117.11,265.76,-1,-1,-1,-1
32,35,408.89,197.02,30.174,68.472,-1,-1,-1,-1
33,3,244.71,165.13,118.45,268.79,-1,-1,-1,-1
33,35,416.54,197.93,29.845,67.726,-1,-1,-1,-1
34,3,248.29,168.38,119.71,271.65,-1,-1,-1,-1
34,35,424.16,198.85,29.517,66.98,-1,-1,-1,-1
35,35,431.72,199.81,29.188,66.234,-1,-1,-1,-1
36,35,439.15,200.78,28.859,65.487,-1,-1,-1,-1
37,35,446.44,201.76,28.53,64.741,-1,-1,-1,-1
38,35,453.59,202.73,28.201,63.995,-1,-1,-1,-1
39,35,460.67,203.68,27.872,63.249,-1,-1,-1,-1
40,35,467.73,204.63,27.543,62.503,-1,-1,-1,-1
120,24,498.4,187.07,36.965,83.882,-1,-1,-1,-1
121,24,498.65,188.21,36.174,82.086,-1,-1,-1,-1
122,24,498.95,189.42,35.354,80.226,-1,-1,-1,-1
123,24,499.3,190.65,34.522,78.337,-1,-1,-1,-1
124,24,499.7,191.88,33.691,76.452,-1,-1,-1,-1
125,24,500.12,193.08,32.874,74.6,-1,-1,-1,-1
125,38,283.81,194.71,27.612,62.658,-1,-1,-1,-1
126,24,500.57,194.26,32.083,72.803,-1,-1,-1,-1
126,38,283.78,194.48,27.707,62.874,-1,-1,-1,-1
127,24,501.01,195.43,31.326,71.086,-1,-1,-1,-1
127,38,283.74,194.24,27.802,63.09,-1,-1,-1,-1
128,24,501.44,196.6,30.611,69.465,-1,-1,-1,-1
128,38,283.68,194,27.897,63.306,-1,-1,-1,-1
129,24,501.84,197.76,29.946,67.956,-1,-1,-1,-1
129,38,283.6,193.77,27.992,63.521,-1,-1,-1,-1
130,24,502.2,198.92,29.337,66.572,-1,-1,-1,-1
130,38,283.52,193.55,28.087,63.737,-1,-1,-1,-1
131,24,502.53,200.06,28.787,65.324,-1,-1,-1,-1
131,38,283.49,193.33,28.182,63.953,-1,-1,-1,-1
132,24,502.82,201.17,28.299,64.218,-1,-1,-1,-1
132,38,283.5,193.11,28.277,64.168,-1,-1,-1,-1
133,24,503.08,202.2,27.878,63.262,-1,-1,-1,-1
133,38,283.55,192.9,28.372,64.384,-1,-1,-1,-1
134,24,503.31,203.11,27.523,62.457,-1,-1,-1,-1
134,38,283.64,192.69,28.467,64.6,-1,-1,-1,-1
135,24,503.53,203.83,27.236,61.806,-1,-1,-1,-1
135,38,283.74,192.49,28.562,64.816,-1,-1,-1,-1
136,24,503.72,204.31,27.017,61.309,-1,-1,-1,-1
136,38,283.85,192.3,28.658,65.031,-1,-1,-1,-1
137,24,503.89,204.54,26.865,60.964,-1,-1,-1,-1
137,38,283.96,192.1,28.753,65.247,-1,-1,-1,-1
138,24,504.04,204.52,26.779,60.768,-1,-1,-1,-1
138,38,284.08,191.91,28.848,65.463,-1,-1,-1,-1
139,24,504.18,204.24,26.756,60.716,-1,-1,-1,-1
140,24,504.29,203.75,26.794,60.803,-1,-1,-1,-1
141,24,504.36,203.09,26.891,61.021,-1,-1,-1,-1
142,24,504.38,202.33,27.042,61.364,-1,-1,-1,-1
143,24,504.36,201.5,27.244,61.823,-1,-1,-1,-1
144,24,504.26,200.64,27.493,62.389,-1,-1,-1,-1
145,24,504.08,199.77,27.785,63.051,-1,-1,-1,-1
146,24,503.83,198.93,28.116,63.801,-1,-1,-1,-1
147,24,503.48,198.16,28.48,64.627,-1,-1,-1,-1
148,24,503.04,197.47,28.873,65.519,-1,-1,-1,-1
149,24,502.52,196.84,29.29,66.466,-1,-1,-1,-1
150,24,501.92,196.27,29.727,67.457,-1,-1,-1,-1
151,24,501.24,195.75,30.178,68.481,-1,-1,-1,-1
152,24,500.49,195.29,30.639,69.527,-1,-1,-1,-1
153,24,499.66,194.87,31.105,70.585,-1,-1,-1,-1
154,24,498.77,194.5,31.572,71.644,-1,-1,-1,-1
155,24,497.83,194.16,32.034,72.694,-1,-1,-1,-1
156,24,496.85,193.84,32.489,73.725,-1,-1,-1,-1
157,24,495.87,193.5,32.931,74.728,-1,-1,-1,-1
158,24,494.94,193.13,33.357,75.694,-1,-1,-1,-1
159,24,494.06,192.72,33.763,76.616,-1,-1,-1,-1
160,24,493.25,192.29,34.146,77.485,-1,-1,-1,-1
161,24,492.52,191.87,34.502,78.294,-1,-1,-1,-1
162,24,491.89,191.48,34.83,79.037,-1,-1,-1,-1
163,24,491.42,191.19,35.126,79.708,-1,-1,-1,-1
164,24,491.1,191.03,35.387,80.302,-1,-1,-1,-1
165,24,490.93,191.01,35.614,80.816,-1,-1,-1,-1
166,24,490.88,191.12,35.803,81.245,-1,-1,-1,-1
167,24,490.93,191.3,35.953,81.587,-1,-1,-1,-1
168,24,491.08,191.51,36.065,81.839,-1,-1,-1,-1
169,24,491.28,191.73,36.136,82.002,-1,-1,-1,-1
170,24,491.52,191.94,36.168,82.073,-1,-1,-1,-1
171,24,491.8,192.15,36.16,82.055,-1,-1,-1,-1
172,24,492.12,192.35,36.112,81.947,-1,-1,-1,-1
173,24,492.46,192.55,36.026,81.753,-1,-1,-1,-1
174,24,492.84,192.77,35.903,81.473,-1,-1,-1,-1
175,24,493.25,193.01,35.744,81.113,-1,-1,-1,-1
176,24,493.69,193.27,35.552,80.675,-1,-1,-1,-1
177,24,494.16,193.55,35.327,80.164,-1,-1,-1,-1
178,24,494.66,193.86,35.072,79.587,-1,-1,-1,-1
179,24,495.2,194.22,34.79,78.947,-1,-1,-1,-1
180,24,495.79,194.59,34.484,78.253,-1,-1,-1,-1
181,24,496.42,194.96,34.157,77.511,-1,-1,-1,-1
182,24,497.05,195.29,33.812,76.727,-1,-1,-1,-1
183,24,497.67,195.56,33.451,75.909,-1,-1,-1,-1
184,24,498.26,195.77,33.08,75.066,-1,-1,-1,-1
185,24,498.79,195.94,32.701,74.205,-1,-1,-1,-1
186,24,499.24,196.14,32.317,73.335,-1,-1,-1,-1
187,24,499.63,196.39,31.933,72.464,-1,-1,-1,-1
188,24,499.95,196.68,31.552,71.599,-1,-1,-1,-1
189,24,500.22,197.01,31.178,70.75,-1,-1,-1,-1
190,24,500.44,197.35,30.813,69.923,-1,-1,-1,-1
191,24,500.64,197.74,30.463,69.127,-1,-1,-1,-1
192,24,500.81,198.18,30.129,68.369,-1,-1,-1,-1
193,24,500.96,198.67,29.814,67.656,-1,-1,-1,-1
194,24,501.09,199.22,29.522,66.993,-1,-1,-1,-1
195,24,501.21,199.81,29.255,66.386,-1,-1,-1,-1
196,24,501.29,200.41,29.014,65.839,-1,-1,-1,-1
197,24,501.35,200.98,28.801,65.356,-1,-1,-1,-1
198,24,501.35,201.51,28.618,64.94,-1,-1,-1,-1
199,24,501.27,201.96,28.464,64.591,-1,-1,-1,-1
200,24,501.04,202.34,28.34,64.309,-1,-1,-1,-1
201,24,500.67,202.65,28.244,64.093,-1,-1,-1,-1
202,24,500.18,202.87,28.176,63.938,-1,-1,-1,-1
203,24,499.6,203.04,28.133,63.841,-1,-1,-1,-1
204,24,498.96,203.16,28.112,63.793,-1,-1,-1,-1
205,24,498.27,203.26,28.108,63.785,-1,-1,-1,-1
206,24,497.54,203.36,28.117,63.805,-1,-1,-1,-1
207,24,496.79,203.47,28.133,63.84,-1,-1,-1,-1
208,24,496.02,203.63,28.147,63.872,-1,-1,-1,-1
209,24,495.24,203.85,28.151,63.882,-1,-1,-1,-1
210,24,494.48,204.17,28.136,63.847,-1,-1,-1,-1
211,24,493.76,204.58,28.089,63.741,-1,-1,-1,-1
212,24,493.09,205.12,27.999,63.536,-1,-1,-1,-1
213,24,492.48,205.8,27.85,63.197,-1,-1,-1,-1
214,24,491.94,206.65,27.626,62.689,-1,-1,-1,-1
215,36,502.08,197.37,31.159,70.707,-1,-1,-1,-1
216,36,499.21,195.79,32.448,73.631,-1,-1,-1,-1
217,36,496.38,194.2,33.736,76.556,-1,-1,-1,-1
218,36,493.67,192.59,35.025,79.48,-1,-1,-1,-1
219,9,166.07,104.52,125.53,284.85,-1,-1,-1,-1
219,36,491.14,190.95,36.314,82.404,-1,-1,-1,-1
220,9,170.27,99.501,125.53,284.85,-1,-1,-1,-1
220,36,488.85,189.25,37.603,85.329,-1,-1,-1,-1
221,9,174.49,94.511,125.53,284.85,-1,-1,-1,-1
221,36,486.8,187.46,38.891,88.253,-1,-1,-1,-1
222,9,180.27,96.356,122.54,278.06,-1,-1,-1,-1
222,36,484.99,185.59,40.18,91.178,-1,-1,-1,-1
223,9,186.84,101.67,118.05,267.87,-1,-1,-1,-1
223,36,483.37,183.65,41.469,94.102,-1,-1,-1,-1
224,9,193.36,106.51,113.85,258.35,-1,-1,-1,-1
224,36,481.87,181.66,42.758,97.027,-1,-1,-1,-1
225,9,199.88,110.92,109.93,249.46,-1,-1,-1,-1
225,36,480.43,179.61,44.046,99.951,-1,-1,-1,-1
226,9,206.45,114.97,106.28,241.17,-1,-1,-1,-1
226,36,478.99,177.53,45.335,102.88,-1,-1,-1,-1
227,9,213.11,118.73,102.88,233.47,-1,-1,-1,-1
227,36,477.53,175.43,46.624,105.8,-1,-1,-1,-1
228,9,219.87,122.24,99.733,226.32,-1,-1,-1,-1
229,9,226.68,125.45,96.815,219.69,-1,-1,-1,-1
230,9,233.53,128.34,94.118,213.57,-1,-1,-1,-1
231,9,240.38,130.91,91.631,207.93,-1,-1,-1,-1
232,9,247.16,133.17,89.342,202.74,-1,-1,-1,-1
233,9,253.81,135.12,87.24,197.97,-1,-1,-1,-1
234,9,260.25,136.78,85.313,193.59,-1,-1,-1,-1
235,9,266.42,138.15,83.55,189.59,-1,-1,-1,-1
236,9,272.24,139.3,81.939,185.94,-1,-1,-1,-1
237,9,277.66,140.27,80.468,182.6,-1,-1,-1,-1
238,9,282.59,141.12,79.127,179.56,-1,-1,-1,-1
239,9,287,141.88,77.904,176.78,-1,-1,-1,-1
240,9,290.92,142.55,76.786,174.25,-1,-1,-1,-1
241,9,294.4,143.15,75.763,171.93,-1,-1,-1,-1
242,9,297.56,143.69,74.823,169.79,-1,-1,-1,-1
243,9,300.53,144.23,73.955,167.82,-1,-1,-1,-1
244,9,303.32,144.84,73.147,165.99,-1,-1,-1,-1
245,9,305.98,145.54,72.387,164.27,-1,-1,-1,-1
246,9,308.62,146.36,71.665,162.63,-1,-1,-1,-1
247,9,311.31,147.33,70.967,161.04,-1,-1,-1,-1
248,9,314.11,148.44,70.284,159.49,-1,-1,-1,-1
249,9,317.07,149.63,69.603,157.95,-1,-1,-1,-1
250,9,320.21,151,68.913,156.38,-1,-1,-1,-1
251,9,323.52,152.57,68.203,154.77,-1,-1,-1,-1
252,9,326.93,154.37,67.46,153.08,-1,-1,-1,-1
253,9,330.37,156.45,66.674,151.3,-1,-1,-1,-1
254,9,333.75,158.77,65.832,149.39,-1,-1,-1,-1
255,9,337.06,161.34,64.924,147.33,-1,-1,-1,-1
256,9,340.3,164.16,63.938,145.09,-1,-1,-1,-1
257,9,343.46,167.18,62.861,142.65,-1,-1,-1,-1
258,9,346.54,170.4,61.684,139.98,-1,-1,-1,-1
259,9,349.46,173.76,60.394,137.05,-1,-1,-1,-1
260,9,352.14,177.21,58.979,133.84,-1,-1,-1,-1
261,9,354.54,180.73,57.429,130.32,-1,-1,-1,-1
262,9,356.69,184.3,55.731,126.47,-1,-1,-1,-1
263,9,358.57,187.91,53.875,122.25,-1,-1,-1,-1
264,9,360.18,191.58,51.848,117.65,-1,-1,-1,-1
265,9,361.55,195.31,49.639,112.64,-1,-1,-1,-1
266,9,362.7,199.2,47.237,107.19,-1,-1,-1,-1
267,9,363.72,203.32,44.63,101.27,-1,-1,-1,-1
268,9,364.72,207.75,41.806,94.867,-1,-1,-1,-1
269,9,365.77,212.6,38.755,87.943,-1,-1,-1,-1
270,9,366.94,217.95,35.464,80.475,-1,-1,-1,-1
271,9,368.27,223.92,31.922,72.437,-1,-1,-1,-1
272,9,369.75,230.59,28.117,63.803,-1,-1,-1,-1
273,9,370.38,233.51,26,59,-1,-1,-1,-1
274,9,369.93,231.73,26,59,-1,-1,-1,-1
275,9,369.47,230.04,26,59,-1,-1,-1,-1
276,9,369.02,228.42,26,59,-1,-1,-1,-1
277,9,368.54,226.87,26,59,-1,-1,-1,-1
282,19,143.4,183.95,77.084,174.92,-1,-1,-1,-1
283,19,152.32,190.32,76.613,173.85,-1,-1,-1,-1
284,19,161.3,196.69,76.143,172.78,-1,-1,-1,-1
285,19,170.41,203.14,75.673,171.72,-1,-1,-1,-1
286,19,179.7,209.8,75.203,170.65,-1,-1,-1,-1
287,19,189.18,216.76,74.732,169.58,-1,-1,-1,-1
288,19,198.87,224.04,74.262,168.52,-1,-1,-1,-1
289,19,208.77,231.57,73.792,167.45,-1,-1,-1,-1
290,19,218.81,239.32,73.321,166.38,-1,-1,-1,-1
291,19,228.91,247.13,72.851,165.32,-1,-1,-1,-1
292,14,320.2,166.13,74.662,169.42,-1,-1,-1,-1
292,32,227.72,217.43,99.273,225.28,-1,-1,-1,-1
293,14,333.48,165.71,74.354,168.72,-1,-1,-1,-1
293,32,238.2,227.25,99.273,225.28,-1,-1,-1,-1
294,14,346.71,165.34,74.045,168.02,-1,-1,-1,-1
294,32,248.67,237.1,99.272,225.27,-1,-1,-1,-1
295,14,359.75,165.06,73.737,167.32,-1,-1,-1,-1
295,32,259.11,246.97,99.272,225.27,-1,-1,-1,-1
296,14,372.51,164.88,73.429,166.63,-1,-1,-1,-1
297,14,384.92,164.73,73.12,165.93,-1,-1,-1,-1
298,14,396.91,164.58,72.812,165.23,-1,-1,-1,-1
299,14,408.44,164.34,72.504,164.53,-1,-1,-1,-1
300,14,419.47,163.96,72.195,163.83,-1,-1,-1,-1
300,31,375.98,209.65,39.302,89.185,-1,-1,-1,-1
301,14,429.97,163.37,71.887,163.13,-1,-1,-1,-1
301,31,379.8,208.11,40.008,90.787,-1,-1,-1,-1
302,14,440.01,162.55,71.579,162.43,-1,-1,-1,-1
302,31,383.59,206.56,40.714,92.389,-1,-1,-1,-1
303,5,299.79,187.04,54.668,124.06,-1,-1,-1,-1
303,14,449.7,161.54,71.27,161.73,-1,-1,-1,-1
303,31,387.34,204.99,41.42,93.992,-1,-1,-1,-1
304,5,304.22,188.39,54.601,123.9,-1,-1,-1,-1
304,14,459.14,160.4,70.962,161.03,-1,-1,-1,-1
304,31,391.08,203.4,42.126,95.594,-1,-1,-1,-1
305,5,308.66,189.46,54.66,124.04,-1,-1,-1,-1
305,14,468.41,159.15,70.654,160.33,-1,-1,-1,-1
305,31,394.85,201.79,42.832,97.196,-1,-1,-1,-1
306,5,313.2,190.29,54.843,124.45,-1,-1,-1,-1
306,14,477.62,157.86,70.346,159.63,-1,-1,-1,-1
306,15,516.31,147.33,101.69,230.75,-1,-1,-1,-1
306,31,398.76,200.15,43.538,98.798,-1,-1,-1,-1
307,5,317.88,190.9,55.149,125.15,-1,-1,-1,-1
307,15,509.53,146.74,105.52,239.45,-1,-1,-1,-1
307,31,402.86,198.37,44.244,100.4,-1,-1,-1,-1
308,5,322.77,191.31,55.576,126.11,-1,-1,-1,-1
308,15,502.78,146.18,109.35,248.15,-1,-1,-1,-1
308,31,407.24,196.4,44.95,102,-1,-1,-1,-1
309,5,327.93,191.54,56.121,127.35,-1,-1,-1,-1
309,15,496.05,145.71,113.19,256.85,-1,-1,-1,-1
309,31,411.86,194.17,45.656,103.6,-1,-1,-1,-1
310,5,333.41,191.57,56.783,128.86,-1,-1,-1,-1
310,15,489.32,145.34,117.02,265.55,-1,-1,-1,-1
310,31,416.69,191.62,46.363,105.21,-1,-1,-1,-1
311,5,339.15,191.39,57.561,130.62,-1,-1,-1,-1
311,15,482.59,144.98,120.86,274.25,-1,-1,-1,-1
311,31,421.69,188.79,47.069,106.81,-1,-1,-1,-1
312,5,345.04,191,58.452,132.64,-1,-1,-1,-1
312,15,475.85,144.66,124.69,282.95,-1,-1,-1,-1
312,31,426.85,185.74,47.775,108.41,-1,-1,-1,-1
313,5,350.95,190.43,59.454,134.92,-1,-1,-1,-1
313,15,470.56,151.2,125.53,284.85,-1,-1,-1,-1
313,31,432.08,182.57,48.481,110.01,-1,-1,-1,-1
314,5,356.78,189.66,60.566,137.44,-1,-1,-1,-1
314,15,465.66,159.71,125.53,284.85,-1,-1,-1,-1
314,31,437.31,179.36,49.187,111.62,-1,-1,-1,-1
315,5,362.51,188.64,61.786,140.21,-1,-1,-1,-1
316,5,368.1,187.32,63.111,143.22,-1,-1,-1,-1
316,17,6.1397,133.34,83.874,190.33,-1,-1,-1,-1
317,5,373.54,185.69,64.541,146.46,-1,-1,-1,-1
317,17,13.427,134.98,81.826,185.68,-1,-1,-1,-1
318,5,378.78,183.78,66.074,149.94,-1,-1,-1,-1
318,17,20.688,136.59,79.777,181.03,-1,-1,-1,-1
319,5,383.81,181.57,67.706,153.64,-1,-1,-1,-1
319,17,27.919,138.11,77.729,176.38,-1,-1,-1,-1
320,5,388.64,179.05,69.437,157.57,-1,-1,-1,-1
320,17,35.13,139.49,75.68,171.73,-1,-1,-1,-1
321,5,393.35,176.21,71.266,161.72,-1,-1,-1,-1
321,17,42.264,140.73,73.632,167.09,-1,-1,-1,-1
322,5,398,173.06,73.189,166.08,-1,-1,-1,-1
322,17,49.24,141.8,71.583,162.44,-1,-1,-1,-1
323,5,402.63,169.6,75.205,170.66,-1,-1,-1,-1
323,17,55.984,142.69,69.535,157.79,-1,-1,-1,-1
323,26,510.9,177.27,64.119,145.5,-1,-1,-1,-1
324,5,407.21,165.84,77.312,175.44,-1,-1,-1,-1
324,17,62.464,143.35,67.486,153.14,-1,-1,-1,-1
324,26,520.81,170.17,67.873,154.02,-1,-1,-1,-1
325,5,411.67,161.83,79.51,180.43,-1,-1,-1,-1
325,17,68.698,143.74,65.437,148.49,-1,-1,-1,-1
325,26,530.73,163.11,71.627,162.54,-1,-1,-1,-1
326,5,415.92,157.53,81.794,185.61,-1,-1,-1,-1
326,17,74.758,143.84,63.389,143.84,-1,-1,-1,-1
326,26,540.65,156.12,75.38,171.06,-1,-1,-1,-1
327,5,419.9,152.97,84.165,190.99,-1,-1,-1,-1
327,17,80.727,143.63,61.34,139.19,-1,-1,-1,-1
327,26,550.56,149.14,79.134,179.57,-1,-1,-1,-1
328,5,423.63,148.21,86.619,196.56,-1,-1,-1,-1
328,17,86.661,143.18,59.292,134.55,-1,-1,-1,-1
328,26,560.5,142.16,82.887,188.09,-1,-1,-1,-1
329,5,427.11,143.3,89.156,202.32,-1,-1,-1,-1
329,17,92.558,142.56,57.243,129.9,-1,-1,-1,-1
329,26,570.45,135.17,86.641,196.61,-1,-1,-1,-1
330,5,430.46,138.3,91.773,208.25,-1,-1,-1,-1
330,17,98.41,141.83,55.195,125.25,-1,-1,-1,-1
331,5,433.77,133.24,94.468,214.37,-1,-1,-1,-1
331,17,104.21,141.07,53.146,120.6,-1,-1,-1,-1
332,5,437.21,128.11,97.24,220.66,-1,-1,-1,-1
333,5,440.91,122.92,100.09,227.12,-1,-1,-1,-1
334,5,444.97,117.67,103.01,233.75,-1,-1,-1,-1
335,5,449.43,112.36,106,240.53,-1,-1,-1,-1
336,5,454.34,106.98,109.06,247.48,-1,-1,-1,-1
337,5,459.72,101.54,112.19,254.57,-1,-1,-1,-1
338,5,465.52,96.041,115.38,261.82,-1,-1,-1,-1
339,5,471.74,90.41,118.64,269.21,-1,-1,-1,-1
339,22,4.2217,110.51,79.593,180.61,-1,-1,-1,-1
340,5,478.32,84.605,121.96,276.74,-1,-1,-1,-1
340,22,11.62,114.72,77.905,176.78,-1,-1,-1,-1
341,5,485.21,78.622,125.33,284.41,-1,-1,-1,-1
341,6,225.75,167.94,38.842,88.142,-1,-1,-1,-1
341,22,18.894,118.62,76.366,173.29,-1,-1,-1,-1
342,5,493.96,79.833,125.53,284.85,-1,-1,-1,-1
342,6,223.2,168.39,39.38,89.361,-1,-1,-1,-1
342,22,26.034,122.19,74.971,170.13,-1,-1,-1,-1
343,5,502.98,81.474,125.53,284.85,-1,-1,-1,-1
343,6,220.67,168.85,39.917,90.58,-1,-1,-1,-1
343,22,33.024,125.44,73.711,167.27,-1,-1,-1,-1
344,6,218.13,169.34,40.454,91.799,-1,-1,-1,-1
344,22,39.845,128.37,72.581,164.7,-1,-1,-1,-1
345,6,215.59,169.8,40.991,93.018,-1,-1,-1,-1
345,22,46.502,130.95,71.572,162.41,-1,-1,-1,-1
346,6,213.08,170.14,41.528,94.237,-1,-1,-1,-1
346,22,52.991,133.19,70.679,160.39,-1,-1,-1,-1
347,6,210.61,170.26,42.065,95.455,-1,-1,-1,-1
347,22,59.338,135.1,69.895,158.61,-1,-1,-1,-1
348,6,208.15,170.13,42.602,96.674,-1,-1,-1,-1
348,22,65.541,136.71,69.212,157.06,-1,-1,-1,-1
349,6,205.66,169.73,43.139,97.893,-1,-1,-1,-1
349,22,71.606,138.1,68.624,155.72,-1,-1,-1,-1
350,6,203.16,169.07,43.676,99.112,-1,-1,-1,-1
350,22,77.548,139.35,68.124,154.59,-1,-1,-1,-1
351,6,200.71,168.16,44.213,100.33,-1,-1,-1,-1
351,22,83.448,140.53,67.705,153.64,-1,-1,-1,-1
352,6,198.33,167.08,44.751,101.55,-1,-1,-1,-1
352,22,89.337,141.72,67.361,152.86,-1,-1,-1,-1
353,6,196.04,165.85,45.288,102.77,-1,-1,-1,-1
353,22,95.208,142.99,67.083,152.23,-1,-1,-1,-1
354,6,193.82,164.56,45.825,103.99,-1,-1,-1,-1
354,22,101.07,144.42,66.867,151.73,-1,-1,-1,-1
355,22,106.88,146.04,66.704,151.36,-1,-1,-1,-1
356,22,112.48,147.85,66.587,151.1,-1,-1,-1,-1
357,22,117.83,149.87,66.511,150.93,-1,-1,-1,-1
358,22,122.91,152.05,66.468,150.83,-1,-1,-1,-1
359,22,127.77,154.27,66.452,150.79,-1,-1,-1,-1
360,22,132.51,156.33,66.454,150.8,-1,-1,-1,-1
361,22,137.22,158.1,66.47,150.83,-1,-1,-1,-1
362,22,142,159.53,66.491,150.88,-1,-1,-1,-1
363,22,146.9,160.62,66.511,150.93,-1,-1,-1,-1
364,22,151.95,161.37,66.523,150.95,-1,-1,-1,-1
365,22,157.19,161.78,66.52,150.95,-1,-1,-1,-1
366,22,162.62,161.92,66.496,150.89,-1,-1,-1,-1
367,22,168.25,161.94,66.443,150.77,-1,-1,-1,-1
368,22,174.03,161.97,66.354,150.57,-1,-1,-1,-1
369,22,179.9,162.05,66.224,150.28,-1,-1,-1,-1
370,22,185.83,162.18,66.044,149.87,-1,-1,-1,-1
371,22,191.82,162.38,65.809,149.33,-1,-1,-1,-1
372,22,197.87,162.71,65.51,148.66,-1,-1,-1,-1
373,22,203.94,163.21,65.142,147.82,-1,-1,-1,-1
374,22,210.01,163.88,64.698,146.81,-1,-1,-1,-1
375,22,216.09,164.74,64.17,145.62,-1,-1,-1,-1
376,22,222.19,165.85,63.552,144.21,-1,-1,-1,-1
376,37,450.29,202.86,35.038,79.508,-1,-1,-1,-1
377,22,228.33,167.22,62.837,142.59,-1,-1,-1,-1
377,37,449.64,202.26,35.516,80.593,-1,-1,-1,-1
378,7,271.22,165.2,65.542,148.73,-1,-1,-1,-1
378,37,448.93,201.65,35.994,81.678,-1,-1,-1,-1
379,7,272.13,160.63,67.83,153.92,-1,-1,-1,-1
379,37,448.07,201,36.472,82.763,-1,-1,-1,-1
380,7,273.35,157.47,69.496,157.7,-1,-1,-1,-1
380,37,446.99,200.28,36.95,83.848,-1,-1,-1,-1
381,7,274.77,155.51,70.636,160.29,-1,-1,-1,-1
381,37,445.64,199.44,37.429,84.934,-1,-1,-1,-1
382,7,276.25,154.51,71.334,161.87,-1,-1,-1,-1
382,37,443.97,198.45,37.907,86.019,-1,-1,-1,-1
383,7,277.55,154.27,71.668,162.63,-1,-1,-1,-1
383,30,220.98,175.45,59.856,135.83,-1,-1,-1,-1
383,37,441.95,197.29,38.385,87.104,-1,-1,-1,-1
384,7,278.5,154.54,71.703,162.71,-1,-1,-1,-1
384,30,218.86,174.34,60.255,136.73,-1,-1,-1,-1
384,37,439.62,196,38.863,88.189,-1,-1,-1,-1
385,7,278.99,155.16,71.502,162.25,-1,-1,-1,-1
385,30,216.71,173.25,60.656,137.64,-1,-1,-1,-1
385,37,437.04,194.62,39.341,89.274,-1,-1,-1,-1
386,7,278.91,156,71.114,161.37,-1,-1,-1,-1
386,30,214.49,172.25,61.053,138.54,-1,-1,-1,-1
386,37,434.28,193.19,39.82,90.359,-1,-1,-1,-1
387,7,278.25,156.96,70.587,160.18,-1,-1,-1,-1
387,16,512.94,145.55,94.687,214.87,-1,-1,-1,-1
387,30,212.17,171.36,61.444,139.43,-1,-1,-1,-1
387,37,431.42,191.73,40.298,91.445,-1,-1,-1,-1
388,7,277.06,157.96,69.959,158.75,-1,-1,-1,-1
388,16,511.5,139.43,98.547,223.63,-1,-1,-1,-1
388,30,209.75,170.58,61.823,140.29,-1,-1,-1,-1
388,37,428.53,190.27,40.776,92.53,-1,-1,-1,-1
389,7,275.42,158.96,69.264,157.18,-1,-1,-1,-1
389,16,510.1,133.32,102.41,232.39,-1,-1,-1,-1
389,30,207.25,169.93,62.187,141.12,-1,-1,-1,-1
390,7,273.42,159.93,68.53,155.51,-1,-1,-1,-1
390,16,508.76,127.26,106.27,241.14,-1,-1,-1,-1
390,30,204.68,169.35,62.532,141.9,-1,-1,-1,-1
391,7,271.17,160.91,67.781,153.81,-1,-1,-1,-1
391,16,507.52,121.31,110.13,249.9,-1,-1,-1,-1
391,30,202.07,168.85,62.857,142.64,-1,-1,-1,-1
392,7,268.77,161.91,67.036,152.12,-1,-1,-1,-1
392,16,506.38,115.48,113.99,258.66,-1,-1,-1,-1
392,30,199.47,168.44,63.157,143.32,-1,-1,-1,-1
393,7,266.31,162.97,66.31,150.47,-1,-1,-1,-1
393,16,505.35,109.77,117.85,267.42,-1,-1,-1,-1
393,30,196.94,168.14,63.43,143.94,-1,-1,-1,-1
394,7,263.87,164.05,65.616,148.9,-1,-1,-1,-1
394,16,504.39,104.07,121.71,276.17,-1,-1,-1,-1
394,30,194.55,167.92,63.674,144.49,-1,-1,-1,-1
395,7,261.52,165.11,64.961,147.41,-1,-1,-1,-1
395,16,503.5,98.448,125.53,284.85,-1,-1,-1,-1
395,30,192.34,167.73,63.886,144.97,-1,-1,-1,-1
396,7,259.31,166.09,64.353,146.03,-1,-1,-1,-1
396,30,190.36,167.53,64.065,145.38,-1,-1,-1,-1
397,7,257.28,166.93,63.794,144.76,-1,-1,-1,-1
397,30,188.66,167.29,64.21,145.71,-1,-1,-1,-1
398,7,255.46,167.56,63.287,143.61,-1,-1,-1,-1
398,30,187.2,166.94,64.319,145.95,-1,-1,-1,-1
399,7,253.85,167.94,62.831,142.58,-1,-1,-1,-1
399,30,185.89,166.45,64.392,146.12,-1,-1,-1,-1
400,7,252.45,168.06,62.424,141.65,-1,-1,-1,-1
400,30,184.68,165.81,64.426,146.2,-1,-1,-1,-1
401,7,251.27,167.86,62.064,140.84,-1,-1,-1,-1
401,30,183.49,165.03,64.424,146.19,-1,-1,-1,-1
402,7,250.28,167.35,61.746,140.12,-1,-1,-1,-1
402,30,182.28,164.11,64.383,146.1,-1,-1,-1,-1
403,7,249.46,166.57,61.466,139.48,-1,-1,-1,-1
403,30,181.05,163.11,64.304,145.92,-1,-1,-1,-1
404,7,248.73,165.6,61.218,138.92,-1,-1,-1,-1
404,30,179.8,162.12,64.188,145.66,-1,-1,-1,-1
405,7,248.03,164.55,60.997,138.41,-1,-1,-1,-1
405,30,178.51,161.19,64.035,145.31,-1,-1,-1,-1
406,7,247.28,163.53,60.796,137.96,-1,-1,-1,-1
406,30,177.16,160.36,63.846,144.88,-1,-1,-1,-1
407,7,246.39,162.68,60.609,137.54,-1,-1,-1,-1
407,30,175.75,159.65,63.623,144.37,-1,-1,-1,-1
408,7,245.28,162.07,60.431,137.13,-1,-1,-1,-1
408,30,174.27,159.11,63.366,143.79,-1,-1,-1,-1
409,7,243.91,161.7,60.256,136.73,-1,-1,-1,-1
409,30,172.66,158.77,63.079,143.14,-1,-1,-1,-1
410,7,242.27,161.54,60.078,136.33,-1,-1,-1,-1
410,30,170.89,158.62,62.762,142.42,-1,-1,-1,-1
411,7,240.34,161.53,59.892,135.91,-1,-1,-1,-1
411,30,168.93,158.65,62.418,141.64,-1,-1,-1,-1
412,7,238.13,161.67,59.693,135.46,-1,-1,-1,-1
412,30,166.79,158.85,62.05,140.81,-1,-1,-1,-1
413,7,235.63,161.93,59.477,134.97,-1,-1,-1,-1
413,30,164.51,159.15,61.66,139.92,-1,-1,-1,-1
414,7,232.83,162.33,59.241,134.43,-1,-1,-1,-1
414,30,162.07,159.55,61.253,139,-1,-1,-1,-1
415,7,229.78,162.81,58.982,133.85,-1,-1,-1,-1
415,30,159.46,160.03,60.83,138.04,-1,-1,-1,-1
416,7,226.53,163.32,58.698,133.2,-1,-1,-1,-1
416,30,156.67,160.52,60.396,137.05,-1,-1,-1,-1
417,7,223.11,163.76,58.387,132.49,-1,-1,-1,-1
417,30,153.68,160.98,59.955,136.05,-1,-1,-1,-1
418,7,219.56,164.09,58.048,131.72,-1,-1,-1,-1
418,30,150.49,161.31,59.511,135.04,-1,-1,-1,-1
419,7,215.89,164.25,57.681,130.89,-1,-1,-1,-1
419,30,147.05,161.49,59.068,134.04,-1,-1,-1,-1
420,7,212.11,164.18,57.287,130,-1,-1,-1,-1
420,30,143.36,161.5,58.632,133.05,-1,-1,-1,-1
421,7,208.22,163.87,56.867,129.05,-1,-1,-1,-1
421,30,139.4,161.33,58.206,132.09,-1,-1,-1,-1
422,7,204.25,163.33,56.423,128.04,-1,-1,-1,-1
422,30,135.19,160.95,57.798,131.16,-1,-1,-1,-1
423,7,200.2,162.56,55.957,126.98,-1,-1,-1,-1
423,30,130.74,160.4,57.412,130.28,-1,-1,-1,-1
424,7,196.07,161.58,55.472,125.88,-1,-1,-1,-1
424,30,126.08,159.69,57.054,129.47,-1,-1,-1,-1
425,7,191.85,160.45,54.973,124.75,-1,-1,-1,-1
425,30,121.26,158.86,56.73,128.74,-1,-1,-1,-1
426,7,187.56,159.24,54.463,123.59,-1,-1,-1,-1
426,30,116.32,157.9,56.447,128.09,-1,-1,-1,-1
427,7,183.2,158.03,53.946,122.42,-1,-1,-1,-1
427,30,111.32,156.8,56.211,127.56,-1,-1,-1,-1
428,7,178.79,156.92,53.427,121.24,-1,-1,-1,-1
428,30,106.29,155.57,56.03,127.15,-1,-1,-1,-1
429,1,362.51,117.34,115.03,261.03,-1,-1,-1,-1
429,7,174.33,155.95,52.912,120.07,-1,-1,-1,-1
429,30,101.23,154.23,55.91,126.88,-1,-1,-1,-1
430,1,355.15,125.86,110.31,250.31,-1,-1,-1,-1
430,7,169.85,155.19,52.405,118.92,-1,-1,-1,-1
430,30,96.164,152.79,55.859,126.76,-1,-1,-1,-1
431,1,347.12,131.17,107.01,242.82,-1,-1,-1,-1
431,7,165.38,154.64,51.912,117.8,-1,-1,-1,-1
431,30,91.05,151.22,55.886,126.82,-1,-1,-1,-1
432,1,338.58,133.99,104.92,238.1,-1,-1,-1,-1
432,7,160.94,154.28,51.438,116.73,-1,-1,-1,-1
432,30,85.873,149.46,55.997,127.07,-1,-1,-1,-1
433,1,329.73,134.73,103.87,235.7,-1,-1,-1,-1
433,7,156.6,154.11,50.988,115.71,-1,-1,-1,-1
434,1,320.81,133.82,103.66,235.23,-1,-1,-1,-1
434,7,152.46,154.09,50.568,114.75,-1,-1,-1,-1
435,1,312.07,131.66,104.15,236.35,-1,-1,-1,-1
435,7,148.6,154.19,50.182,113.87,-1,-1,-1,-1
436,1,303.63,128.43,105.19,238.71,-1,-1,-1,-1
436,7,145.11,154.4,49.834,113.08,-1,-1,-1,-1
437,1,295.55,124.46,106.66,242.03,-1,-1,-1,-1
437,7,142.05,154.69,49.528,112.39,-1,-1,-1,-1
438,1,287.82,119.97,108.43,246.05,-1,-1,-1,-1
438,7,139.49,155.01,49.269,111.8,-1,-1,-1,-1
439,1,280.47,115.12,110.4,250.53,-1,-1,-1,-1
439,7,137.5,155.35,49.058,111.32,-1,-1,-1,-1
440,1,273.48,110.18,112.49,255.27,-1,-1,-1,-1
440,7,136.1,155.7,48.897,110.96,-1,-1,-1,-1
441,1,266.88,105.32,114.62,260.1,-1,-1,-1,-1
441,7,135.3,156.04,48.788,110.71,-1,-1,-1,-1
442,1,260.65,100.69,116.72,264.86,-1,-1,-1,-1
442,7,135.08,156.4,48.732,110.58,-1,-1,-1,-1
443,1,254.84,96.511,118.74,269.44,-1,-1,-1,-1
443,7,135.44,156.77,48.726,110.57,-1,-1,-1,-1
444,1,249.57,92.82,120.62,273.71,-1,-1,-1,-1
444,7,136.38,157.17,48.77,110.67,-1,-1,-1,-1
444,28,473.55,149.93,102.51,232.62,-1,-1,-1,-1
445,1,244.94,89.772,122.34,277.61,-1,-1,-1,-1
445,7,137.88,157.6,48.86,110.87,-1,-1,-1,-1
445,28,474,144.18,105.2,238.73,-1,-1,-1,-1
446,1,241.02,87.433,123.86,281.06,-1,-1,-1,-1
446,7,139.97,158.07,48.991,111.17,-1,-1,-1,-1
446,28,474.49,138.49,107.89,244.84,-1,-1,-1,-1
447,1,237.91,85.721,125.17,284.03,-1,-1,-1,-1
447,2,32.74,271.58,80.13,181.84,-1,-1,-1,-1
447,7,142.72,158.51,49.158,111.55,-1,-1,-1,-1
447,28,475,132.89,110.59,250.95,-1,-1,-1,-1
448,1,236.11,86.274,125.53,284.85,-1,-1,-1,-1
448,2,43.714,269.15,81.361,184.63,-1,-1,-1,-1
448,7,146.13,158.88,49.354,112,-1,-1,-1,-1
448,28,475.65,127.38,113.28,257.06,-1,-1,-1,-1
449,1,235.42,87.596,125.53,284.85,-1,-1,-1,-1
449,2,54.727,266.89,82.527,187.28,-1,-1,-1,-1
449,7,150.21,159.19,49.57,112.49,-1,-1,-1,-1
449,28,476.43,121.97,115.97,263.16,-1,-1,-1,-1
450,1,235.67,88.667,125.53,284.85,-1,-1,-1,-1
450,2,65.748,264.77,83.628,189.77,-1,-1,-1,-1
450,7,154.93,159.45,49.796,113,-1,-1,-1,-1
450,28,477.26,116.66,118.67,269.27,-1,-1,-1,-1
451,1,236.85,89.439,125.53,284.85,-1,-1,-1,-1
451,2,76.661,262.79,84.665,192.13,-1,-1,-1,-1
451,7,160.25,159.7,50.019,113.5,-1,-1,-1,-1
451,28,478.08,111.43,121.36,275.38,-1,-1,-1,-1
452,1,238.88,89.768,125.53,284.85,-1,-1,-1,-1
452,2,87.34,261,85.636,194.33,-1,-1,-1,-1
452,7,166.11,159.95,50.226,113.97,-1,-1,-1,-1
452,28,478.86,106.26,124.05,281.49,-1,-1,-1,-1
453,1,241.66,89.673,125.53,284.85,-1,-1,-1,-1
453,2,97.664,259.53,86.543,196.39,-1,-1,-1,-1
453,7,172.42,160.24,50.402,114.37,-1,-1,-1,-1
453,28,480.22,103.85,125.53,284.85,-1,-1,-1,-1
454,1,245.03,89.227,125.53,284.85,-1,-1,-1,-1
454,2,107.55,258.47,87.384,198.3,-1,-1,-1,-1
454,7,179.02,160.63,50.529,114.66,-1,-1,-1,-1
454,28,482.29,104.82,125.53,284.85,-1,-1,-1,-1
455,1,248.76,88.35,125.53,284.85,-1,-1,-1,-1
455,2,116.95,257.86,88.161,200.06,-1,-1,-1,-1
455,7,185.82,161.17,50.588,114.8,-1,-1,-1,-1
456,1,252.68,87.148,125.53,284.85,-1,-1,-1,-1
456,2,125.79,257.66,88.873,201.68,-1,-1,-1,-1
456,7,192.7,161.92,50.56,114.73,-1,-1,-1,-1
457,1,256.59,85.707,125.53,284.85,-1,-1,-1,-1
457,2,134.01,257.74,89.52,203.15,-1,-1,-1,-1
457,29,502.22,111.5,119.09,270.23,-1,-1,-1,-1
458,1,260.27,84.14,125.53,284.85,-1,-1,-1,-1
458,2,141.54,258,90.103,204.47,-1,-1,-1,-1
458,29,499.66,122.47,117.25,266.05,-1,-1,-1,-1
459,1,263.69,83.099,125.33,284.4,-1,-1,-1,-1
459,2,148.4,258.39,90.62,205.64,-1,-1,-1,-1
459,29,497.18,133.45,115.41,261.88,-1,-1,-1,-1
460,1,266.92,83.34,124.62,282.79,-1,-1,-1,-1
460,2,154.58,258.88,91.073,206.67,-1,-1,-1,-1
460,29,494.83,144.49,113.57,257.7,-1,-1,-1,-1
461,1,269.59,83.649,123.93,281.22,-1,-1,-1,-1
461,2,160.13,259.44,91.46,207.55,-1,-1,-1,-1
461,29,492.65,155.61,111.72,253.53,-1,-1,-1,-1
462,1,271.62,83.947,123.28,279.75,-1,-1,-1,-1
462,2,165.13,260.05,91.783,208.28,-1,-1,-1,-1
462,29,490.61,166.83,109.88,249.35,-1,-1,-1,-1
463,1,273.02,84.044,122.7,278.43,-1,-1,-1,-1
463,2,169.6,260.63,92.041,208.87,-1,-1,-1,-1
463,29,488.64,178.13,108.04,245.17,-1,-1,-1,-1
464,1,273.88,83.813,122.21,277.32,-1,-1,-1,-1
464,2,173.65,261.1,92.234,209.3,-1,-1,-1,-1
464,29,486.7,189.45,106.2,241,-1,-1,-1,-1
465,1,274.35,83.208,121.83,276.46,-1,-1,-1,-1
465,2,177.39,261.43,92.362,209.6,-1,-1,-1,-1
466,1,274.53,82.156,121.58,275.89,-1,-1,-1,-1
466,2,180.9,261.64,92.426,209.74,-1,-1,-1,-1
467,1,274.5,80.652,121.47,275.64,-1,-1,-1,-1
467,2,184.29,261.83,92.424,209.74,-1,-1,-1,-1
468,1,274.31,78.727,121.51,275.72,-1,-1,-1,-1
468,2,187.61,262.14,92.358,209.59,-1,-1,-1,-1
469,1,273.96,76.461,121.69,276.14,-1,-1,-1,-1
469,2,190.89,262.67,92.227,209.29,-1,-1,-1,-1
470,1,273.48,74.008,122.02,276.89,-1,-1,-1,-1
470,2,194.11,263.44,92.03,208.84,-1,-1,-1,-1
471,1,272.85,71.472,122.49,277.94,-1,-1,-1,-1
471,2,197.3,264.45,91.769,208.25,-1,-1,-1,-1
472,1,272.07,68.953,123.06,279.26,-1,-1,-1,-1
472,2,200.48,265.69,91.444,207.51,-1,-1,-1,-1
473,1,271.15,66.519,123.73,280.77,-1,-1,-1,-1
473,2,203.66,267.17,91.053,206.62,-1,-1,-1,-1
474,1,270.06,64.228,124.45,282.4,-1,-1,-1,-1
474,2,206.87,268.88,90.597,205.59,-1,-1,-1,-1
475,1,268.77,62.125,125.17,284.04,-1,-1,-1,-1
475,2,210.11,270.84,90.077,204.41,-1,-1,-1,-1
476,1,267.39,60.993,125.53,284.85,-1,-1,-1,-1
476,2,213.37,272.98,89.492,203.08,-1,-1,-1,-1
477,1,265.85,60.71,125.53,284.85,-1,-1,-1,-1
477,2,216.61,275.27,88.841,201.6,-1,-1,-1,-1
478,1,263.88,60.362,125.53,284.85,-1,-1,-1,-1
478,2,219.86,277.7,88.126,199.98,-1,-1,-1,-1
479,1,261.43,59.83,125.53,284.85,-1,-1,-1,-1
479,2,223.13,280.26,87.346,198.21,-1,-1,-1,-1
480,1,258.49,58.932,125.53,284.85,-1,-1,-1,-1
480,2,226.41,282.95,86.502,196.29,-1,-1,-1,-1
481,1,255.08,57.564,125.53,284.85,-1,-1,-1,-1
481,2,229.72,285.74,85.592,194.23,-1,-1,-1,-1
482,1,251.82,58.07,124.45,282.4,-1,-1,-1,-1
483,1,248.85,60.402,122.3,277.52,-1,-1,-1,-1
484,1,246.16,64.203,119.23,270.56,-1,-1,-1,-1
485,1,243.95,69.914,115.08,261.13,-1,-1,-1,-1
486,1,242.36,78.07,109.64,248.8,-1,-1,-1,-1
487,1,241.54,89.299,102.73,233.11,-1,-1,-1,-1
488,1,241.61,104.25,94.107,213.55,-1,-1,-1,-1
489,1,242.65,123.59,83.541,189.58,-1,-1,-1,-1
490,18,254.93,91.239,76.107,172.71,-1,-1,-1,-1
491,18,251.59,88.912,80.413,182.48,-1,-1,-1,-1
492,18,248.26,86.553,84.719,192.25,-1,-1,-1,-1
493,18,244.93,84.09,89.024,202.02,-1,-1,-1,-1
494,18,241.62,81.412,93.33,211.79,-1,-1,-1,-1
495,18,238.32,78.446,97.636,221.56,-1,-1,-1,-1
496,18,235.03,75.188,101.94,231.33,-1,-1,-1,-1
497,18,231.71,71.659,106.25,241.1,-1,-1,-1,-1
498,18,228.31,67.956,110.55,250.87,-1,-1,-1,-1
499,18,224.85,64.106,114.86,260.64,-1,-1,-1,-1
500,18,221.37,60.172,119.17,270.41,-1,-1,-1,-1
501,18,217.9,56.221,123.47,280.18,-1,-1,-1,-1
529,4,122.86,235.67,35.345,80.206,-1,-1,-1,-1
530,4,121.67,226.22,37.953,86.122,-1,-1,-1,-1
531,4,120.56,216.8,40.545,92.005,-1,-1,-1,-1
532,4,119.57,207.43,43.122,97.853,-1,-1,-1,-1
533,4,118.75,198.2,45.684,103.67,-1,-1,-1,-1
534,4,118.09,189.26,48.231,109.45,-1,-1,-1,-1
535,4,117.54,180.79,50.763,115.19,-1,-1,-1,-1
536,4,117.1,172.92,53.281,120.91,-1,-1,-1,-1
537,4,116.72,165.75,55.783,126.58,-1,-1,-1,-1
538,4,116.36,159.31,58.27,132.23,-1,-1,-1,-1
539,4,115.97,153.58,60.742,137.84,-1,-1,-1,-1
540,4,115.49,148.46,63.2,143.42,-1,-1,-1,-1
541,4,114.81,143.85,65.642,148.96,-1,-1,-1,-1
542,4,113.84,139.62,68.07,154.47,-1,-1,-1,-1
543,4,112.49,135.67,70.482,159.94,-1,-1,-1,-1
544,4,110.69,131.91,72.879,165.38,-1,-1,-1,-1
545,4,108.35,128.31,75.262,170.79,-1,-1,-1,-1
546,4,105.4,124.92,77.629,176.16,-1,-1,-1,-1
547,4,101.78,121.81,79.982,181.5,-1,-1,-1,-1
548,4,97.366,119.03,82.32,186.8,-1,-1,-1,-1
549,4,92.074,116.63,84.642,192.07,-1,-1,-1,-1
550,4,85.885,114.64,86.95,197.31,-1,-1,-1,-1
551,4,78.849,113.09,89.242,202.51,-1,-1,-1,-1
552,4,71.049,111.93,91.52,207.68,-1,-1,-1,-1
553,4,62.61,111.06,93.783,212.82,-1,-1,-1,-1
554,4,53.655,110.36,96.03,217.92,-1,-1,-1,-1
555,4,44.326,109.79,98.263,222.98,-1,-1,-1,-1
556,4,34.72,109.34,100.48,228.02,-1,-1,-1,-1
557,4,24.937,109.01,102.68,233.02,-1,-1,-1,-1
558,4,15.039,108.78,104.87,237.98,-1,-1,-1,-1
559,4,5.0858,108.61,107.04,242.91,-1,-1,-1,-1
585,34,214.67,172.04,55.573,126.11,-1,-1,-1,-1
586,34,197.91,166.38,59.88,135.88,-1,-1,-1,-1
587,34,181.08,160.7,64.186,145.65,-1,-1,-1,-1
588,34,164.1,155.02,68.493,155.43,-1,-1,-1,-1
589,34,146.88,149.32,72.8,165.2,-1,-1,-1,-1
590,34,129.39,143.56,77.107,174.97,-1,-1,-1,-1
591,34,111.63,137.78,81.413,184.75,-1,-1,-1,-1
592,34,93.618,131.98,85.72,194.52,-1,-1,-1,-1
593,34,75.449,126.15,90.027,204.29,-1,-1,-1,-1
594,34,57.201,120.31,94.334,214.07,-1,-1,-1,-1
625,25,153.66,114.14,113.46,257.45,-1,-1,-1,-1
626,25,161.83,115.44,111.46,252.92,-1,-1,-1,-1
627,25,169.94,116.58,109.56,248.61,-1,-1,-1,-1
628,25,178,117.71,107.76,244.53,-1,-1,-1,-1
629,25,186.02,118.87,106.05,240.64,-1,-1,-1,-1
630,25,194.01,120.03,104.42,236.96,-1,-1,-1,-1
631,25,201.88,121.11,102.89,233.47,-1,-1,-1,-1
632,25,209.56,122.12,101.43,230.16,-1,-1,-1,-1
633,25,216.99,123.06,100.04,227.01,-1,-1,-1,-1
634,25,224.1,123.95,98.729,224.04,-1,-1,-1,-1
635,25,230.85,124.79,97.485,221.21,-1,-1,-1,-1
636,25,237.19,125.6,96.306,218.54,-1,-1,-1,-1
637,25,243.08,126.38,95.187,216,-1,-1,-1,-1
638,25,248.46,127.15,94.127,213.6,-1,-1,-1,-1
639,25,253.27,127.91,93.121,211.31,-1,-1,-1,-1
640,25,257.45,128.67,92.167,209.15,-1,-1,-1,-1
641,25,260.91,129.44,91.26,207.09,-1,-1,-1,-1
642,25,263.63,130.2,90.398,205.14,-1,-1,-1,-1
643,25,265.6,130.96,89.578,203.27,-1,-1,-1,-1
644,25,266.81,131.71,88.797,201.5,-1,-1,-1,-1
645,25,267.29,132.45,88.052,199.81,-1,-1,-1,-1
646,25,267.15,133.15,87.341,198.2,-1,-1,-1,-1
647,25,266.56,133.81,86.66,196.65,-1,-1,-1,-1
648,25,265.68,134.39,86.007,195.17,-1,-1,-1,-1
649,25,264.63,134.87,85.379,193.75,-1,-1,-1,-1
650,25,263.53,135.24,84.775,192.38,-1,-1,-1,-1
651,25,262.49,135.49,84.192,191.05,-1,-1,-1,-1
652,25,261.59,135.6,83.627,189.77,-1,-1,-1,-1
653,25,260.88,135.62,83.078,188.52,-1,-1,-1,-1
654,25,260.39,135.6,82.543,187.31,-1,-1,-1,-1
655,25,260.16,135.6,82.021,186.13,-1,-1,-1,-1
656,25,260.2,135.66,81.509,184.96,-1,-1,-1,-1
657,25,260.53,135.83,81.005,183.82,-1,-1,-1,-1
658,25,261.17,136.16,80.508,182.69,-1,-1,-1,-1
659,25,262.08,136.69,80.016,181.58,-1,-1,-1,-1
660,25,263.19,137.44,79.528,180.47,-1,-1,-1,-1
661,25,264.45,138.38,79.041,179.36,-1,-1,-1,-1
662,25,265.83,139.46,78.555,178.26,-1,-1,-1,-1
663,25,267.32,140.64,78.067,177.15,-1,-1,-1,-1
664,25,268.9,141.91,77.578,176.04,-1,-1,-1,-1
665,25,270.52,143.25,77.085,174.92,-1,-1,-1,-1
666,25,272.13,144.65,76.588,173.8,-1,-1,-1,-1
667,25,273.72,146.12,76.085,172.65,-1,-1,-1,-1
668,25,275.25,147.63,75.576,171.5,-1,-1,-1,-1
669,25,276.65,149.18,75.059,170.33,-1,-1,-1,-1
670,25,277.85,150.76,74.535,169.14,-1,-1,-1,-1
671,25,278.75,152.35,74.002,167.93,-1,-1,-1,-1
672,25,279.26,153.96,73.459,166.7,-1,-1,-1,-1
673,25,279.34,155.57,72.907,165.44,-1,-1,-1,-1
674,25,279,157.13,72.344,164.17,-1,-1,-1,-1
675,25,278.28,158.58,71.771,162.86,-1,-1,-1,-1
676,25,277.29,159.85,71.187,161.54,-1,-1,-1,-1
677,25,276.08,160.92,70.592,160.19,-1,-1,-1,-1
678,25,274.69,161.77,69.985,158.81,-1,-1,-1,-1
679,25,273.15,162.43,69.368,157.41,-1,-1,-1,-1
680,25,271.45,162.93,68.739,155.98,-1,-1,-1,-1
681,25,269.65,163.36,68.1,154.53,-1,-1,-1,-1
682,25,267.77,163.86,67.45,153.06,-1,-1,-1,-1
683,25,265.88,164.52,66.789,151.56,-1,-1,-1,-1
684,25,263.99,165.47,66.118,150.04,-1,-1,-1,-1
685,25,262.09,166.87,65.438,148.49,-1,-1,-1,-1
686,25,260.15,168.77,64.749,146.93,-1,-1,-1,-1
687,25,258.17,171.19,64.051,145.35,-1,-1,-1,-1
688,25,256.18,174.1,63.346,143.75,-1,-1,-1,-1
689,25,254.19,177.46,62.634,142.13,-1,-1,-1,-1
690,25,252.21,181.2,61.916,140.5,-1,-1,-1,-1
691,25,250.27,185.3,61.194,138.86,-1,-1,-1,-1
692,25,248.36,189.71,60.467,137.21,-1,-1,-1,-1
693,25,246.51,194.38,59.738,135.56,-1,-1,-1,-1
694,25,244.71,199.26,59.008,133.9,-1,-1,-1,-1
695,25,242.98,204.32,58.277,132.24,-1,-1,-1,-1
696,25,241.38,209.45,57.548,130.59,-1,-1,-1,-1
697,25,239.96,214.57,56.821,128.94,-1,-1,-1,-1
698,25,238.78,219.57,56.099,127.3,-1,-1,-1,-1
699,25,237.92,224.36,55.382,125.67,-1,-1,-1,-1
700,25,237.37,228.86,54.674,124.07,-1,-1,-1,-1
701,25,237.11,233,53.975,122.48,-1,-1,-1,-1
702,25,237.12,236.75,53.287,120.92,-1,-1,-1,-1
703,25,237.33,240.06,52.613,119.39,-1,-1,-1,-1
704,25,237.71,242.91,51.954,117.89,-1,-1,-1,-1
705,25,238.2,245.28,51.313,116.44,-1,-1,-1,-1
706,25,238.74,247.24,50.691,115.03,-1,-1,-1,-1
707,25,239.29,248.83,50.092,113.67,-1,-1,-1,-1
708,25,239.8,250.09,49.517,112.37,-1,-1,-1,-1
709,25,240.24,250.98,48.97,111.12,-1,-1,-1,-1
710,25,240.61,251.47,48.452,109.95,-1,-1,-1,-1
711,25,240.87,251.54,47.966,108.84,-1,-1,-1,-1
712,25,241.04,251.16,47.515,107.82,-1,-1,-1,-1
713,25,241.13,250.35,47.102,106.88,-1,-1,-1,-1
714,25,241.17,249.13,46.729,106.04,-1,-1,-1,-1
715,25,241.2,247.51,46.401,105.29,-1,-1,-1,-1
716,25,241.23,245.5,46.119,104.65,-1,-1,-1,-1
717,25,241.29,243.13,45.887,104.13,-1,-1,-1,-1
718,25,241.4,240.41,45.708,103.72,-1,-1,-1,-1
719,25,241.56,237.35,45.585,103.44,-1,-1,-1,-1
720,25,241.86,233.97,45.522,103.3,-1,-1,-1,-1
721,25,242.33,230.33,45.523,103.3,-1,-1,-1,-1
722,25,242.99,226.56,45.59,103.46,-1,-1,-1,-1
723,25,243.8,222.77,45.728,103.77,-1,-1,-1,-1
724,25,244.69,219.07,45.941,104.25,-1,-1,-1,-1
724,39,91.21,193.09,27.994,63.524,-1,-1,-1,-1
725,25,245.57,215.54,46.231,104.91,-1,-1,-1,-1
725,39,89.175,193.8,28.339,64.308,-1,-1,-1,-1
726,25,246.39,212.2,46.603,105.75,-1,-1,-1,-1
726,39,87.067,194.53,28.685,65.092,-1,-1,-1,-1
727,25,247.15,209,47.061,106.79,-1,-1,-1,-1
727,39,84.807,195.32,29.03,65.876,-1,-1,-1,-1
728,25,247.85,205.87,47.609,108.04,-1,-1,-1,-1
728,39,82.336,196.19,29.376,66.66,-1,-1,-1,-1
729,25,248.48,202.76,48.251,109.49,-1,-1,-1,-1
729,39,79.628,197.13,29.721,67.444,-1,-1,-1,-1
730,25,249.06,199.63,48.992,111.18,-1,-1,-1,-1
730,39,76.642,198.11,30.067,68.228,-1,-1,-1,-1
731,25,249.57,196.41,49.835,113.09,-1,-1,-1,-1
731,39,73.334,199.05,30.412,69.013,-1,-1,-1,-1
732,25,250.01,193.04,50.785,115.25,-1,-1,-1,-1
732,39,69.689,199.84,30.758,69.797,-1,-1,-1,-1
733,25,250.4,189.48,51.847,117.66,-1,-1,-1,-1
733,39,65.69,200.42,31.103,70.581,-1,-1,-1,-1
734,25,250.73,185.67,53.025,120.33,-1,-1,-1,-1
734,39,61.316,200.7,31.449,71.365,-1,-1,-1,-1
735,25,250.99,181.56,54.324,123.28,-1,-1,-1,-1
735,39,56.578,200.62,31.794,72.149,-1,-1,-1,-1
736,25,251.18,177.11,55.748,126.51,-1,-1,-1,-1
736,39,51.499,200.23,32.14,72.933,-1,-1,-1,-1
737,25,251.3,172.32,57.303,130.03,-1,-1,-1,-1
737,39,46.106,199.57,32.485,73.717,-1,-1,-1,-1
738,25,251.32,167.19,58.992,133.87,-1,-1,-1,-1
738,39,40.458,198.7,32.831,74.501,-1,-1,-1,-1
739,25,251.26,161.73,60.822,138.02,-1,-1,-1,-1
739,39,34.598,197.71,33.176,75.285,-1,-1,-1,-1
740,25,251.1,155.93,62.797,142.5,-1,-1,-1,-1
740,39,28.566,196.64,33.522,76.069,-1,-1,-1,-1
741,39,22.403,195.53,33.867,76.853,-1,-1,-1,-1
742,39,16.16,194.4,34.213,77.637,-1,-1,-1,-1
749,12,94.006,121.36,89.882,203.97,-1,-1,-1,-1
750,12,89.287,115.11,93.559,212.31,-1,-1,-1,-1
751,12,84.498,108.81,97.236,220.65,-1,-1,-1,-1
752,12,79.542,102.45,100.91,228.99,-1,-1,-1,-1
753,12,74.391,96.067,104.59,237.34,-1,-1,-1,-1
754,12,69,89.689,108.27,245.68,-1,-1,-1,-1
755,12,63.34,83.366,111.94,254.02,-1,-1,-1,-1
756,12,57.419,77.132,115.62,262.37,-1,-1,-1,-1
757,12,51.282,70.939,119.3,270.71,-1,-1,-1,-1
758,12,45.017,64.752,122.97,279.05,-1,-1,-1,-1
760,23,126.89,184.73,26,59,-1,-1,-1,-1
761,23,121.21,183.73,27,61.269,-1,-1,-1,-1
762,23,114.47,178.09,30.061,68.216,-1,-1,-1,-1
763,23,107.76,172.88,32.987,74.855,-1,-1,-1,-1
764,8,176.11,154.77,50.251,114.03,-1,-1,-1,-1
764,23,101.18,168.17,35.777,81.186,-1,-1,-1,-1
765,8,174.79,153.55,51.755,117.45,-1,-1,-1,-1
765,23,94.783,163.98,38.431,87.208,-1,-1,-1,-1
766,8,173.41,152.32,53.26,120.86,-1,-1,-1,-1
766,23,88.622,160.27,40.948,92.922,-1,-1,-1,-1
767,8,171.88,151.07,54.764,124.27,-1,-1,-1,-1
767,23,82.813,157.01,43.331,98.327,-1,-1,-1,-1
768,8,170.02,149.85,56.269,127.69,-1,-1,-1,-1
768,23,77.475,154.15,45.577,103.42,-1,-1,-1,-1
769,8,167.73,148.67,57.774,131.1,-1,-1,-1,-1
769,23,72.687,151.67,47.687,108.21,-1,-1,-1,-1
770,8,164.94,147.54,59.278,134.52,-1,-1,-1,-1
770,23,68.43,149.56,49.661,112.69,-1,-1,-1,-1
771,8,161.63,146.49,60.783,137.93,-1,-1,-1,-1
771,23,64.559,147.75,51.5,116.87,-1,-1,-1,-1
772,8,157.85,145.56,62.287,141.34,-1,-1,-1,-1
772,23,60.879,146.18,53.203,120.73,-1,-1,-1,-1
773,8,153.65,144.76,63.792,144.76,-1,-1,-1,-1
773,23,57.163,144.84,54.77,124.29,-1,-1,-1,-1
774,8,149.13,144.1,65.297,148.17,-1,-1,-1,-1
774,23,53.254,143.71,56.201,127.53,-1,-1,-1,-1
775,8,144.37,143.55,66.801,151.59,-1,-1,-1,-1
775,23,49.037,142.8,57.496,130.47,-1,-1,-1,-1
776,8,139.43,143.08,68.306,155,-1,-1,-1,-1
776,23,44.464,142.13,58.655,133.1,-1,-1,-1,-1
777,8,134.39,142.66,69.81,158.41,-1,-1,-1,-1
777,23,39.538,141.75,59.678,135.42,-1,-1,-1,-1
778,8,129.3,142.26,71.315,161.83,-1,-1,-1,-1
778,23,34.279,141.64,60.566,137.44,-1,-1,-1,-1
779,23,28.698,141.8,61.317,139.14,-1,-1,-1,-1
780,13,133.86,130.46,81.77,185.56,-1,-1,-1,-1
780,23,22.841,142.2,61.933,140.54,-1,-1,-1,-1
781,13,122.14,125.97,86.506,196.31,-1,-1,-1,-1
781,23,16.766,142.84,62.413,141.63,-1,-1,-1,-1
782,13,110.34,121.45,91.242,207.05,-1,-1,-1,-1
782,23,10.575,143.75,62.757,142.41,-1,-1,-1,-1
783,13,98.373,116.83,95.978,217.8,-1,-1,-1,-1
783,23,4.3696,144.94,62.965,142.88,-1,-1,-1,-1
784,13,86.178,112.07,100.71,228.54,-1,-1,-1,-1
785,13,73.708,107.14,105.45,239.29,-1,-1,-1,-1
786,13,60.957,102.03,110.19,250.04,-1,-1,-1,-1
787,13,47.939,96.781,114.92,260.78,-1,-1,-1,-1
788,13,34.707,91.463,119.66,271.53,-1,-1,-1,-1
789,13,21.358,86.108,124.4,282.28,-1,-1,-1,-1
790,21,203.35,210.2,27.809,63.106,-1,-1,-1,-1
791,21,197.6,207.67,29.162,66.175,-1,-1,-1,-1
792,21,191.85,205.13,30.514,69.245,-1,-1,-1,-1
793,21,186.11,202.56,31.867,72.314,-1,-1,-1,-1
794,21,180.42,200.01,33.22,75.384,-1,-1,-1,-1
795,21,174.78,197.53,34.573,78.453,-1,-1,-1,-1
796,21,169.19,195.11,35.926,81.523,-1,-1,-1,-1
797,21,163.67,192.73,37.278,84.593,-1,-1,-1,-1
798,10,50.697,168.99,48.826,110.8,-1,-1,-1,-1
798,21,158.21,190.37,38.631,87.662,-1,-1,-1,-1
799,10,51.572,167.55,49.858,113.14,-1,-1,-1,-1
799,20,165.84,203.71,30.722,69.715,-1,-1,-1,-1
800,10,52.418,166.11,50.889,115.48,-1,-1,-1,-1
800,20,171.71,203.02,31.083,70.533,-1,-1,-1,-1
801,10,53.267,164.65,51.921,117.82,-1,-1,-1,-1
801,20,177.57,202.12,31.567,71.633,-1,-1,-1,-1
802,10,54.198,163.14,52.952,120.16,-1,-1,-1,-1
802,20,183.38,201.07,32.157,72.972,-1,-1,-1,-1
803,10,55.258,161.53,53.983,122.5,-1,-1,-1,-1
803,20,189.12,199.9,32.836,74.513,-1,-1,-1,-1
804,10,56.47,159.78,55.015,124.84,-1,-1,-1,-1
804,20,194.78,198.7,33.589,76.221,-1,-1,-1,-1
805,10,57.824,157.89,56.046,127.18,-1,-1,-1,-1
805,20,200.36,197.46,34.403,78.069,-1,-1,-1,-1
806,10,59.23,155.87,57.078,129.53,-1,-1,-1,-1
806,20,205.84,196.19,35.267,80.028,-1,-1,-1,-1
807,10,60.61,153.76,58.109,131.87,-1,-1,-1,-1
807,20,211.18,194.92,36.171,82.079,-1,-1,-1,-1
808,10,61.95,151.59,59.14,134.21,-1,-1,-1,-1
808,20,216.33,193.63,37.107,84.203,-1,-1,-1,-1
809,11,88.066,167.85,52,118,-1,-1,-1,-1
809,20,221.1,192.26,38.069,86.386,-1,-1,-1,-1
810,11,88.129,167.62,52.355,118.81,-1,-1,-1,-1
810,20,225.33,190.8,39.053,88.619,-1,-1,-1,-1
811,11,88.123,167.4,52.709,119.61,-1,-1,-1,-1
811,20,228.88,189.26,40.056,90.896,-1,-1,-1,-1
812,11,87.972,167.21,53.064,120.42,-1,-1,-1,-1
812,20,231.58,187.63,41.078,93.215,-1,-1,-1,-1
813,11,87.644,167.07,53.419,121.22,-1,-1,-1,-1
813,20,233.31,185.99,42.12,95.578,-1,-1,-1,-1
814,11,87.151,166.99,53.773,122.03,-1,-1,-1,-1
814,20,233.92,184.33,43.184,97.993,-1,-1,-1,-1
815,11,86.485,167.01,54.128,122.83,-1,-1,-1,-1
815,20,233.35,182.67,44.274,100.47,-1,-1,-1,-1
816,11,85.69,167.1,54.483,123.63,-1,-1,-1,-1
816,20,231.63,181.02,45.398,103.02,-1,-1,-1,-1
817,11,84.796,167.29,54.837,124.44,-1,-1,-1,-1
817,20,228.82,179.44,46.563,105.66,-1,-1,-1,-1
818,11,83.836,167.55,55.192,125.24,-1,-1,-1,-1
818,20,225.02,177.94,47.779,108.42,-1,-1,-1,-1
819,11,82.844,167.83,55.546,126.05,-1,-1,-1,-1
819,20,220.36,176.47,49.058,111.32,-1,-1,-1,-1
820,20,214.95,175.02,50.412,114.4,-1,-1,-1,-1
821,20,208.94,173.58,51.857,117.68,-1,-1,-1,-1
821,27,61.902,158.16,61.363,139.24,-1,-1,-1,-1
822,20,202.44,172.05,53.41,121.2,-1,-1,-1,-1
822,27,54.225,155.96,63.048,143.07,-1,-1,-1,-1
823,20,195.58,170.38,55.089,125.01,-1,-1,-1,-1
823,27,46.487,153.75,64.734,146.9,-1,-1,-1,-1
824,20,188.41,168.57,56.915,129.15,-1,-1,-1,-1
824,27,38.636,151.51,66.42,150.72,-1,-1,-1,-1
825,20,180.91,166.58,58.91,133.68,-1,-1,-1,-1
825,27,30.651,149.19,68.105,154.55,-1,-1,-1,-1
826,20,173.09,164.43,61.097,138.64,-1,-1,-1,-1
826,27,22.552,146.83,69.791,158.37,-1,-1,-1,-1
827,20,164.92,162.14,63.503,144.1,-1,-1,-1,-1
827,27,14.38,144.43,71.476,162.2,-1,-1,-1,-1
828,20,156.42,159.57,66.154,150.12,-1,-1,-1,-1
829,20,147.58,156.73,69.081,156.76,-1,-1,-1,-1
830,20,138.39,153.6,72.313,164.1,-1,-1,-1,-1
831,20,128.88,150.08,75.884,172.2,-1,-1,-1,-1
832,20,119.04,146.12,79.828,181.15,-1,-1,-1,-1
833,20,108.98,141.72,84.181,191.03,-1,-1,-1,-1
834,20,98.742,136.77,88.981,201.92,-1,-1,-1,-1
835,20,88.263,131.13,94.268,213.91,-1,-1,-1,-1
836,20,77.565,124.61,100.08,227.11,-1,-1,-1,-1
837,20,66.632,117.09,106.47,241.6,-1,-1,-1,-1
